0 7309
1 5350
2 1286
3 4679
4 2986
5 5000
6 2728
7 8059
8 5106
9 2266
10 2195
11 5582
12 6525
13 6354
14 8527
15 3667
16 5478
17 3993
18 7157
19 1495
20 6211
21 6537
22 2111
23 7460
24 5613
25 2283
26 8773
27 1741
28 4767
29 7652
30 5017
31 7492
32 7881
33 3451
34 1631
35 3196
36 4223
37 1265
38 1424
39 5712
40 2392
41 3258
42 7610
43 5972
44 4663
45 7847
46 3847
47 6536
48 6913
49 3858
50 3670
51 6304
52 1981
53 2146
54 4840
55 2631
56 4214
57 6557
58 5045
59 7716
60 4438
61 7459
62 8454
63 7868
64 5982
65 3779
66 1770
67 1602
68 1136
69 4419
70 2691
71 3151
72 7630
73 1755
74 7679
75 8944
76 1115
77 8164
78 6172
79 8735
80 6585
81 2562
82 4220
83 4508
84 9999
85 8569
86 3008
87 2534
88 1934
89 3331
90 5724
91 4592
92 3272
93 3932
94 3341
95 6233
96 4239
97 5270
98 8423
99 8836
100 5762
101 7065
102 1682
103 7928
104 3477
105 6199
106 7286
107 4436
108 3437
109 6306
110 3321
111 2521
112 1470
113 3479
114 7945
115 2453
116 1142
117 1387
118 6021
119 5324
120 3135
121 2978
122 7908
123 5442
124 7849
125 7174
126 6646
127 8095
128 8033
129 4148
130 6360
131 1249
132 4960
133 7535
134 8167
135 8352
136 4338
137 2780
138 3872
139 6521
140 4592
141 9821
142 1759
143 5110
144 7643
145 7011
146 5432
147 1696
148 2912
149 5922
150 8919
151 5987
152 3535
153 4517
154 4970
155 9021
156 6398
157 5623
158 7479
159 6060
160 3046
161 1702
162 4204
163 2457
164 8127
165 8900
166 7569
167 7580
168 7607
169 7495
170 5173
171 3842
172 8302
173 5858
174 4765
175 2700
176 8803
177 1246
178 8997
179 7175
180 3191
181 2251
182 7754
183 4618
184 1712
185 6223
186 4226
187 2539
188 3867
189 1817
190 4823
191 5359
192 8927
193 6784
194 3557
195 5122
196 4776
197 8153
198 6662
199 5581
200 5167
201 2700
202 1501
203 6016
204 4554
205 7417
206 6810
207 3278
208 2503
209 6494
210 3048
211 8372
212 7480
213 4082
214 4302
215 7001
216 1143
217 7747
218 1601
219 1975
220 4433
221 8744
222 4412
223 5611
224 1144
225 7184
226 4250
227 5175
228 4457
229 7978
230 6779
231 5170
232 7725
233 3658
234 7897
235 6136
236 7634
237 3921
238 9927
239 4077
240 6806
241 1484
242 7608
243 5383
244 6883
245 3383
246 3188
247 6303
248 1497
249 6596
250 2666
251 4595
252 1453
253 2469
254 1843
255 6648
256 3781
257 2282
258 3046
259 4187
260 4111
261 3282
262 7543
263 8574
264 4334
265 5292
266 4347
267 2018
268 3095
269 3996
270 8766
271 1106
272 5046
273 6020
274 1689
275 6221
276 5682
277 7756
278 6893
279 6558
280 3279
281 4620
282 4535
283 7911
284 8963
285 1067
286 7297
287 6285
288 6634
289 6298
290 5444
291 7416
292 6962
293 3985
294 8923
295 5861
296 8994
297 7585
298 3249
299 6879
300 3224
301 2506
302 7257
303 7760
304 2436
305 7357
306 3426
307 7045
308 1740
309 8359
310 8265
311 7015
312 8522
313 6923
314 5605
315 7700
316 3925
317 2443
318 4424
319 3753
320 1544
321 7843
322 8207
323 6138
324 2484
325 5497
326 8274
327 6118
328 3903
329 1982
330 4945
331 2895
332 5411
333 3148
334 6651
335 5131
336 5304
337 6573
338 3127
339 6868
340 4504
341 2639
342 5367
343 6303
344 8936
345 4131
346 1622
347 1703
348 1622
349 2361
350 2055
351 7556
352 5452
353 4113
354 1455
355 5679
356 8515
357 1788
358 2709
359 8589
360 8659
361 1901
362 4223
363 6457
364 8099
365 1717
366 8901
367 1122
368 8521
369 4965
370 8220
371 5388
372 5641
373 5420
374 5113
375 7480
376 5864
377 1843
378 4252
379 8508
380 2738
381 1965
382 5193
383 2617
384 7624
385 3322
386 3043
387 7764
388 3422
389 6006
390 1348
391 3300
392 2355
393 6671
394 1496
395 7542
396 5931
397 7091
398 5295
399 3014
400 1359
401 4128
402 6245
403 4851
404 2463
405 4276
406 2119
407 5098
408 6461
409 1324
410 6895
411 1500
412 1114
413 5875
414 1741
415 6367
416 5740
417 6696
418 7669
419 2867
420 1940
421 3885
422 6508
423 3860
424 3642
425 8579
426 6480
427 7523
428 5767
429 3607
430 2656
431 5745
432 8552
433 7618
434 6523
435 2265
436 7236
437 7273
438 8391
439 8856
440 5038
441 5495
442 5933
443 5949
444 8306
445 8147
446 3881
447 1246
448 1371
449 8249
450 6144
451 6556
452 3716
453 4370
454 7287
455 7686
456 8940
457 7314
458 1243
459 2203
460 7603
461 4761
462 5066
463 7143
464 7825
465 6200
466 7762
467 3412
468 3652
469 4028
470 4394
471 3025
472 5723
473 6649
474 3666
475 4711
476 4154
477 5342
478 6676
479 6011
480 2800
481 8838
482 8798
483 7664
484 3910
485 5377
486 6235
487 8911
488 3533
489 8506
490 6762
491 6727
492 1930
493 6784
494 4038
495 6859
496 7942
497 5627
498 3877
499 8261
500 2666
501 3038
502 3322
503 5078
504 4157
505 8033
506 2304
507 1129
508 2072
509 2536
510 3495
511 8153
512 3347
513 2883
514 6021
515 7224
516 1008
517 4388
518 7234
519 4044
520 6972
521 8541
522 1929
523 5253
524 3541
525 3341
526 4576
527 9631
528 3083
529 9385
530 3326
531 3141
532 3417
533 4742
534 6915
535 3997
536 3547
537 8341
538 6229
539 3670
540 6104
541 7220
542 1703
543 3578
544 6862
545 4018
546 5746
547 6879
548 6194
549 1954
550 9874
551 1572
552 8911
553 7891
554 2309
555 5366
556 2729
557 4362
558 1915
559 5085
560 2604
561 5432
562 3061
563 8609
564 5294
565 4506
566 4486
567 4167
568 3757
569 1349
570 8002
571 5235
572 7683
573 7884
574 6047
575 1778
576 6183
577 5918
578 2425
579 5070
580 5802
581 5317
582 1445
583 8192
584 7962
585 1796
586 2305
587 5304
588 6370
589 3243
590 8546
591 8421
592 6182
593 1902
594 5820
595 4155
596 4843
597 2670
598 3776
599 2539
600 7468
601 6352
602 4598
603 8796
604 2574
605 7701
606 3950
607 8650
608 5601
609 6036
610 3761
611 6409
612 6206
613 2903
614 8508
615 6075
616 7058
617 6735
618 2994
619 8372
620 4207
621 1404
622 3191
623 8666
624 4902
625 8950
626 6771
627 3922
628 3957
629 7078
630 5427
631 5616
632 1682
633 6634
634 2193
635 5332
636 1664
637 4624
638 2412
639 4483
640 3026
641 8155
642 4184
643 2932
644 3456
645 5132
646 3197
647 6976
648 7089
649 5075
650 1889
651 5620
652 2604
653 5461
654 2838
655 3010
656 8815
657 3834
658 5979
659 1058
660 2896
661 6375
662 4717
663 1525
664 3844
665 5061
666 6006
667 8455
668 7243
669 8635
670 7024
671 7280
672 3275
673 6787
674 8051
675 2285
676 3021
677 6101
678 8907
679 1857
680 5733
681 6127
682 2352
683 7686
684 5371
685 2803
686 1465
687 6029
688 1085
689 5840
690 9677
691 4884
692 8530
693 5906
694 3702
695 8014
696 8007
697 6301
698 3656
699 6795
700 1720
701 4265
702 8686
703 3805
704 3305
705 1928
706 5301
707 7538
708 3882
709 8977
710 8894
711 6920
712 4057
713 7891
714 4154
715 5181
716 5737
717 2187
718 4481
719 8305
720 8338
721 8124
722 6846
723 8325
724 3514
725 1113
726 5869
727 2943
728 4278
729 1716
730 5955
731 8133
732 7397
733 3249
734 8558
735 2847
736 8318
737 6832
738 3212
739 6832
740 8293
741 4738
742 2171
743 8882
744 3443
745 4361
746 1205
747 5512
748 8236
749 1341
750 6247
751 3497
752 6095
753 7459
754 4522
755 6294
756 4267
757 4013
758 4425
759 5243
760 3890
761 4716
762 2032
763 3640
764 8319
765 8376
766 2706
767 2448
768 5355
769 6172
770 4329
771 8036
772 4153
773 4130
774 3709
775 4440
776 7097
777 6813
778 3126
779 9704
780 7681
781 3616
782 1204
783 4298
784 3233
785 7858
786 8285
787 4392
788 8130
789 4919
790 1316
791 6506
792 1446
793 2932
794 3756
795 6920
796 6859
797 7667
798 4289
799 2725
800 7808
801 2883
802 7906
803 8876
804 4344
805 7387
806 9321
807 4004
808 3122
809 6008
810 1717
811 8476
812 5460
813 2097
814 5250
815 7712
816 3338
817 8398
818 2704
819 2388
820 2061
821 8417
822 3855
823 4220
824 3637
825 3424
826 6055
827 2412
828 3604
829 9205
830 3907
831 3329
832 6873
833 4079
834 1562
835 8996
836 2553
837 3807
838 3073
839 2166
840 1861
841 4353
842 1277
843 1277
844 6999
845 9539
846 3937
847 6276
848 7005
849 5420
850 1914
851 1512
852 2272
853 5956
854 3136
855 3327
856 8281
857 8892
858 2449
859 8497
860 5599
861 3871
862 2644
863 1528
864 8336
865 8049
866 4517
867 3181
868 2723
869 6704
870 3602
871 4275
872 8196
873 1635
874 8082
875 3107
876 8087
877 2612
878 6434
879 7232
880 2638
881 5628
882 3959
883 3011
884 1166
885 3709
886 7674
887 1333
888 5473
889 1926
890 2911
891 7368
892 3063
893 3735
894 3784
895 8544
896 8133
897 8408
898 8297
899 8141
900 7043
901 2966
902 4999
903 1423
904 5637
905 4895
906 6681
907 8645
908 4669
909 2286
910 8716
911 1486
912 4237
913 4839
914 5071
915 1217
916 7136
917 3766
918 6288
919 5563
920 4886
921 1406
922 8297
923 7802
924 2445
925 5511
926 3774
927 4739
928 1703
929 5831
930 7276
931 2206
932 6057
933 5397
934 6458
935 5542
936 4837
937 8595
938 4713
939 6335
940 3239
941 7545
942 4778
943 4484
944 7810
945 2797
946 5439
947 4145
948 2604
949 7209
950 7930
951 3750
952 5819
953 1719
954 5175
955 4824
956 3585
957 3558
958 3602
959 8472
960 8856
961 3790
962 2025
963 5235
964 3875
965 4879
966 1768
967 2796
968 7143
969 4763
970 3370
971 4811
972 5579
973 5065
974 1755
975 1118
976 3839
977 7947
978 7459
979 6718
980 7585
981 6457
982 2699
983 8161
984 8634
985 8497
986 1880
987 5350
988 3963
989 6837
990 3506
991 9176
992 7375
993 4746
994 2684
995 7185
996 2215
997 8439
998 2984
999 5825
1000 6579
1001 3830
1002 2034
1003 7416
1004 4560
1005 4589
1006 6438
1007 1671
1008 2676
1009 1486
1010 2878
1011 5071
1012 2886
1013 4858
1014 8095
1015 5339
1016 5286
1017 1192
1018 2801
1019 1287
1020 8583
1021 6374
1022 6271
1023 7498
1024 7906
1025 1346
1026 2132
1027 6937
1028 8565
1029 8789
1030 5876
1031 4241
1032 4789
1033 1155
1034 2265
1035 3799
1036 6874
1037 4836
1038 4438
1039 8259
1040 9700
1041 2316
1042 3006
1043 7163
1044 6314
1045 1415
1046 8778
1047 1791
1048 5528
1049 8366
1050 7392
1051 5567
1052 1359
1053 2033
1054 2961
1055 3018
1056 1736
1057 8370
1058 8225
1059 2516
1060 3906
1061 1153
1062 1498
1063 5312
1064 6218
1065 8757
1066 3501
1067 6281
1068 8751
1069 7521
1070 5723
1071 4086
1072 4703
1073 1119
1074 7312
1075 5454
1076 3669
1077 4605
1078 6123
1079 2632
1080 7378
1081 4733
1082 7317
1083 7901
1084 4673
1085 1007
1086 4193
1087 5844
1088 2679
1089 2857
1090 6632
1091 4731
1092 2138
1093 8766
1094 8520
1095 5138
1096 2324
1097 8907
1098 6482
1099 6595
1100 1668
1101 4984
1102 6140
1103 8225
1104 6767
1105 4485
1106 3536
1107 5756
1108 7373
1109 4485
1110 4043
1111 6643
1112 3533
1113 8317
1114 6759
1115 2350
1116 8779
1117 4076
1118 5228
1119 6066
1120 8396
1121 8847
1122 9080
1123 8081
1124 2626
1125 4908
1126 6380
1127 5762
1128 6193
1129 2168
1130 6640
1131 1375
1132 3365
1133 6500
1134 7645
1135 8105
1136 7366
1137 4915
1138 2413
1139 5723
1140 4718
1141 3667
1142 6742
1143 7600
1144 8494
1145 5020
1146 4434
1147 3886
1148 2065
1149 2243
1150 7376
1151 3123
1152 7272
1153 2691
1154 2748
1155 2813
1156 7843
1157 4055
1158 8902
1159 8398
1160 3581
1161 3571
1162 2964
1163 4026
1164 2044
1165 5559
1166 2383
1167 5210
1168 1080
1169 8496
1170 6059
1171 6386
1172 6114
1173 6635
1174 3941
1175 4224
1176 5718
1177 8445
1178 3244
1179 3908
1180 5719
1181 5895
1182 3249
1183 2371
1184 6219
1185 3581
1186 3455
1187 2992
1188 6368
1189 7218
1190 3359
1191 8598
1192 1552
1193 5091
1194 4294
1195 6282
1196 5038
1197 6019
1198 3064
1199 2229
1200 3096
1201 1073
1202 1114
1203 8676
1204 8464
1205 7611
1206 3658
1207 6621
1208 6829
1209 8213
1210 6182
1211 5843
1212 2245
1213 8248
1214 1181
1215 5931
1216 4525
1217 4546
1218 8901
1219 3669
1220 2416
1221 8056
1222 8926
1223 1256
1224 8710
1225 7688
1226 1502
1227 4322
1228 2121
1229 7895
1230 5817
1231 6973
1232 3257
1233 3778
1234 1775
1235 7770
1236 8332
1237 3925
1238 2916
1239 6966
1240 8747
1241 4627
1242 4273
1243 1454
1244 5629
1245 2110
1246 1817
1247 5797
1248 5722
1249 4732
1250 3269
1251 3526
1252 1298
1253 3354
1254 8909
1255 2424
1256 2346
1257 3521
1258 3712
1259 3519
1260 7583
1261 4649
1262 1732
1263 8495
1264 7649
1265 5931
1266 5033
1267 5583
1268 4926
1269 1980
1270 4591
1271 6224
1272 6663
1273 4993
1274 9908
1275 2667
1276 6916
1277 3958
1278 2330
1279 2274
1280 4454
1281 5318
1282 3808
1283 2187
1284 7150
1285 7700
1286 5276
1287 3785
1288 4753
1289 4301
1290 6620
1291 3257
1292 1364
1293 8405
1294 8684
1295 1863
1296 2016
1297 5090
1298 2520
1299 6286
1300 1531
1301 7653
1302 3791
1303 5557
1304 3625
1305 8916
1306 6072
1307 8400
1308 4002
1309 4523
1310 4131
1311 4011
1312 6780
1313 6131
1314 4460
1315 3324
1316 6160
1317 1455
1318 2613
1319 8232
1320 1987
1321 6237
1322 4202
1323 3553
1324 4522
1325 2587
1326 8316
1327 8392
1328 2292
1329 5147
1330 3850
1331 4964
1332 3890
1333 7817
1334 3860
1335 8792
1336 7851
1337 4494
1338 4039
1339 4395
1340 1921
1341 1820
1342 4075
1343 6629
1344 8249
1345 2834
1346 2493
1347 7654
1348 7029
1349 3865
1350 8960
1351 6290
1352 7303
1353 5808
1354 8892
1355 4118
1356 4711
1357 1506
1358 5652
1359 7723
1360 1517
1361 5078
1362 5009
1363 3044
1364 3212
1365 4867
1366 9131
1367 3429
1368 8274
1369 4469
1370 1013
1371 7910
1372 4785
1373 6693
1374 3606
1375 2615
1376 2471
1377 8986
1378 8602
1379 2787
1380 4806
1381 7675
1382 1660
1383 2567
1384 6038
1385 3782
1386 8022
1387 6094
1388 5640
1389 3536
1390 8712
1391 6545
1392 3146
1393 6761
1394 1620
1395 4921
1396 7225
1397 1474
1398 6276
1399 7068
1400 8183
1401 3945
1402 8363
1403 4881
1404 7901
1405 4649
1406 2769
1407 1181
1408 1520
1409 7234
1410 4084
1411 3454
1412 5877
1413 5234
1414 1028
1415 3245
1416 4748
1417 5736
1418 7044
1419 6539
1420 7269
1421 2606
1422 2366
1423 4865
1424 1023
1425 1838
1426 7983
1427 3313
1428 4764
1429 7257
1430 6405
1431 5502
1432 5267
1433 4781
1434 3092
1435 6795
1436 7981
1437 7334
1438 8870
1439 5998
1440 8940
1441 4565
1442 2608
1443 1932
1444 5386
1445 8896
1446 1296
1447 3817
1448 6829
1449 3829
1450 4589
1451 3033
1452 1194
1453 7256
1454 7211
1455 5293
1456 5636
1457 1683
1458 5964
1459 2622
1460 6034
1461 1923
1462 8686
1463 8090
1464 7428
1465 7266
1466 2071
1467 6178
1468 8958
1469 6360
1470 6078
1471 2878
1472 6656
1473 3947
1474 4622
1475 4985
1476 3783
1477 4406
1478 1708
1479 4473
1480 3040
1481 3967
1482 4735
1483 2609
1484 8423
1485 9851
1486 7874
1487 1194
1488 2352
1489 5574
1490 2562
1491 3082
1492 2427
1493 7504
1494 1682
1495 8277
1496 4361
1497 2075
1498 1448
1499 3609
1500 6085
1501 1666
1502 2288
1503 5871
1504 7854
1505 4274
1506 4345
1507 5853
1508 2616
1509 2780
1510 5478
1511 2062
1512 4231
1513 5488
1514 2257
1515 5787
1516 4987
1517 6696
1518 8875
1519 7823
1520 4077
1521 6461
1522 6240
1523 2205
1524 2404
1525 5062
1526 3400
1527 1298
1528 8142
1529 6354
1530 4832
1531 8855
1532 2680
1533 6878
1534 6378
1535 2920
1536 2192
1537 1878
1538 4637
1539 6135
1540 8195
1541 2532
1542 6434
1543 9566
1544 2602
1545 1078
1546 3689
1547 4152
1548 4034
1549 5199
1550 4547
1551 5194
1552 2071
1553 4625
1554 5575
1555 5129
1556 8197
1557 2030
1558 5746
1559 2318
1560 4091
1561 8734
1562 6171
1563 1886
1564 5377
1565 3764
1566 4352
1567 1917
1568 4721
1569 1053
1570 3796
1571 8196
1572 1294
1573 4235
1574 8883
1575 5426
1576 3618
1577 5442
1578 7055
1579 6739
1580 6136
1581 7091
1582 5736
1583 1935
1584 5213
1585 5990
1586 8256
1587 1743
1588 2280
1589 7100
1590 5374
1591 5099
1592 4040
1593 7129
1594 4762
1595 2469
1596 6144
1597 7418
1598 1914
1599 7357
1600 3804
1601 6413
1602 7718
1603 1046
1604 6004
1605 3639
1606 2619
1607 7028
1608 8825
1609 1427
1610 4091
1611 7275
1612 8804
1613 1808
1614 3788
1615 6102
1616 5908
1617 7483
1618 7097
1619 1476
1620 5956
1621 5090
1622 5531
1623 6220
1624 1480
1625 5701
1626 1012
1627 3074
1628 2337
1629 4802
1630 3015
1631 7786
1632 3013
1633 3796
1634 6352
1635 8417
1636 3155
1637 8316
1638 2411
1639 4650
1640 9974
1641 4734
1642 5757
1643 3657
1644 4577
1645 8959
1646 3189
1647 6054
1648 7424
1649 3725
1650 8652
1651 8246
1652 7433
1653 7061
1654 1678
1655 8433
1656 8080
1657 1029
1658 4423
1659 1635
1660 3155
1661 3836
1662 4372
1663 3007
1664 1288
1665 9783
1666 6281
1667 8057
1668 4596
1669 2547
1670 4317
1671 4336
1672 6246
1673 2374
1674 5171
1675 5426
1676 3698
1677 3300
1678 1362
1679 5102
1680 7846
1681 4023
1682 2186
1683 7406
1684 8527
1685 7522
1686 2573
1687 2031
1688 5496
1689 2316
1690 7275
1691 6345
1692 3481
1693 1831
1694 1956
1695 8912
1696 2428
1697 8380
1698 3000
1699 7347
1700 3895
1701 2205
1702 2112
1703 2473
1704 4031
1705 8653
1706 6265
1707 5155
1708 7206
1709 1647
1710 1231
1711 4207
1712 8586
1713 8983
1714 7145
1715 2411
1716 3663
1717 8988
1718 6609
1719 8364
1720 5110
1721 7158
1722 6987
1723 6110
1724 2768
1725 7631
1726 4067
1727 7012
1728 2457
1729 1131
1730 7885
1731 7841
1732 9251
1733 7418
1734 5729
1735 2997
1736 7039
1737 7849
1738 2953
1739 6021
1740 6109
1741 3404
1742 7140
1743 1171
1744 3987
1745 4928
1746 8824
1747 2433
1748 6527
1749 3557
1750 4791
1751 7516
1752 6489
1753 5580
1754 3260
1755 7752
1756 3060
1757 2326
1758 6733
1759 3907
1760 3293
1761 2488
1762 4467
1763 6395
1764 5830
1765 5575
1766 5291
1767 3215
1768 6573
1769 5935
1770 6168
1771 8969
1772 6704
1773 8408
1774 3345
1775 7193
1776 6669
1777 9227
1778 8080
1779 1825
1780 7817
1781 1064
1782 5786
1783 6405
1784 5881
1785 3959
1786 1081
1787 4236
1788 8906
1789 4531
1790 1000
1791 3418
1792 6047
1793 4676
1794 3150
1795 5847
1796 1975
1797 6702
1798 3915
1799 1372
1800 5744
1801 4764
1802 1113
1803 4570
1804 3774
1805 7149
1806 8762
1807 3204
1808 1742
1809 3547
1810 4031
1811 4972
1812 2491
1813 8385
1814 3101
1815 7709
1816 3269
1817 4757
1818 8419
1819 1850
1820 5971
1821 8051
1822 8726
1823 7172
1824 2354
1825 8099
1826 8898
1827 3568
1828 9311
1829 8715
1830 3373
1831 4336
1832 5523
1833 2628
1834 5670
1835 5399
1836 7107
1837 7661
1838 3513
1839 8563
1840 1613
1841 3481
1842 5373
1843 4330
1844 3086
1845 5828
1846 3778
1847 2557
1848 2283
1849 1533
1850 5045
1851 6579
1852 4422
1853 2018
1854 7249
1855 3986
1856 4707
1857 1509
1858 6792
1859 5263
1860 1690
1861 1885
1862 5580
1863 7076
1864 8988
1865 7727
1866 3093
1867 8065
1868 6137
1869 2935
1870 6997
1871 5128
1872 1295
1873 2228
1874 3655
1875 2620
1876 8848
1877 2375
1878 5794
1879 4055
1880 4926
1881 8860
1882 2460
1883 8357
1884 1336
1885 8605
1886 8070
1887 5295
1888 8089
1889 2174
1890 1374
1891 6086
1892 6715
1893 7506
1894 7114
1895 1409
1896 8904
1897 7822
1898 8339
1899 2227
1900 6815
1901 1298
1902 8645
1903 5338
1904 5294
1905 2986
1906 3498
1907 5798
1908 7152
1909 2588
1910 7587
1911 3420
1912 7293
1913 1242
1914 6867
1915 4609
1916 7242
1917 3271
1918 5346
1919 2039
1920 1291
1921 4641
1922 3885
1923 1650
1924 4240
1925 6997
1926 3070
1927 7927
1928 3246
1929 3392
1930 1444
1931 2989
1932 5356
1933 7100
1934 2120
1935 8726
1936 6868
1937 5798
1938 8232
1939 6400
1940 4478
1941 6653
1942 7463
1943 1344
1944 7338
1945 8135
1946 2373
1947 5072
1948 8681
1949 4337
1950 8976
1951 5898
1952 8056
1953 7560
1954 1908
1955 8863
1956 2093
1957 4533
1958 5531
1959 7506
1960 5451
1961 2762
1962 2945
1963 7168
1964 8826
1965 4294
1966 2395
1967 3235
1968 5212
1969 2650
1970 4656
1971 8162
1972 2221
1973 8548
1974 4632
1975 3687
1976 6640
1977 8081
1978 3863
1979 5781
1980 4916
1981 7133
1982 7905
1983 4572
1984 4144
1985 2010
1986 7739
1987 4799
1988 7331
1989 4641
1990 1192
1991 7972
1992 2998
1993 7745
1994 1350
1995 4536
1996 1910
1997 4568
1998 6108
1999 1869
2000 8148
2001 6686
2002 6272
2003 4548
2004 5084
2005 8435
2006 1895
2007 5405
2008 2985
2009 4438
2010 6380
2011 8571
2012 3456
2013 7925
2014 4757
2015 8734
2016 3516
2017 7766
2018 6344
2019 2815
2020 2390
2021 2336
2022 6612
2023 2006
2024 1820
2025 1749
2026 6360
2027 8395
2028 4767
2029 8661
2030 8399
2031 4500
2032 4285
2033 2246
2034 8685
2035 8314
2036 8454
2037 6807
2038 3891
2039 7276
2040 4705
2041 7140
2042 3225
2043 8776
2044 6676
2045 1888
2046 8233
2047 4407
2048 2332
2049 6377
2050 2968
2051 7349
2052 7478
2053 1068
2054 8487
2055 7932
2056 2647
2057 3799
2058 6958
2059 2582
2060 6898
2061 8839
2062 8480
2063 3978
2064 2902
2065 8053
2066 4235
2067 8987
2068 5797
2069 5961
2070 4489
2071 1447
2072 8872
2073 8756
2074 1909
2075 6760
2076 8209
2077 8640
2078 6150
2079 2995
2080 1886
2081 4138
2082 8277
2083 4857
2084 3396
2085 4774
2086 5132
2087 1240
2088 4060
2089 5911
2090 4531
2091 2247
2092 5305
2093 7277
2094 8736
2095 9922
2096 2733
2097 4505
2098 2218
2099 4971
2100 8445
2101 1727
2102 4077
2103 3983
2104 6428
2105 1802
2106 2851
2107 4986
2108 5446
2109 4626
2110 5099
2111 4767
2112 4181
2113 2312
2114 6697
2115 4954
2116 4543
2117 1190
2118 3810
2119 6729
2120 3389
2121 6116
2122 9728
2123 4846
2124 5183
2125 4700
2126 7571
2127 5015
2128 8824
2129 5723
2130 6689
2131 1373
2132 1422
2133 2689
2134 3099
2135 7543
2136 7355
2137 3097
2138 8535
2139 2791
2140 3176
2141 6305
2142 4672
2143 8521
2144 5329
2145 5070
2146 6463
2147 5804
2148 5705
2149 1092
2150 3604
2151 3403
2152 2517
2153 2146
2154 8472
2155 4566
2156 4546
2157 2777
2158 5151
2159 4967
2160 4995
2161 8558
2162 4671
2163 3021
2164 1664
2165 6338
2166 4796
2167 7545
2168 2173
2169 4771
2170 8659
2171 2155
2172 9465
2173 9481
2174 1394
2175 2919
2176 7655
2177 1486
2178 2410
2179 8250
2180 7687
2181 9288
2182 1362
2183 4678
2184 4493
2185 1453
2186 5128
2187 5909
2188 3159
2189 4566
2190 4631
2191 7331
2192 6166
2193 2909
2194 3699
2195 3970
2196 1501
2197 8303
2198 1436
2199 1303
2200 3735
2201 3048
2202 7977
2203 3905
2204 3214
2205 7233
2206 2473
2207 9632
2208 7160
2209 4076
2210 8170
2211 5420
2212 3448
2213 3526
2214 4690
2215 1798
2216 3350
2217 8261
2218 8687
2219 1101
2220 3343
2221 1104
2222 3787
2223 4023
2224 4850
2225 3000
2226 7146
2227 7380
2228 3555
2229 1715
2230 2973
2231 6081
2232 1789
2233 6324
2234 6832
2235 3175
2236 2309
2237 4570
2238 3395
2239 7885
2240 5173
2241 3047
2242 2011
2243 8319
2244 1398
2245 4732
2246 3395
2247 8644
2248 7013
2249 4076
2250 8883
2251 5475
2252 3027
2253 7631
2254 5614
2255 4994
2256 3094
2257 4146
2258 6500
2259 7531
2260 2777
2261 2691
2262 2123
2263 8993
2264 1498
2265 3664
2266 8835
2267 7828
2268 6409
2269 1343
2270 2614
2271 5636
2272 1479
2273 1575
2274 2352
2275 3706
2276 7486
2277 6856
2278 4373
2279 4634
2280 6916
2281 3590
2282 8926
2283 5461
2284 5909
2285 8173
2286 7402
2287 5880
2288 8396
2289 6130
2290 5243
2291 2444
2292 8680
2293 1394
2294 1129
2295 4087
2296 1578
2297 8915
2298 4895
2299 5461
2300 6797
2301 2868
2302 7535
2303 7409
2304 4206
2305 2175
2306 3892
2307 1231
2308 7235
2309 3255
2310 2366
2311 3106
2312 1017
2313 2483
2314 7048
2315 1555
2316 3639
2317 2087
2318 2547
2319 1242
2320 8008
2321 4444
2322 4107
2323 5327
2324 3691
2325 4277
2326 7845
2327 1434
2328 6882
2329 4682
2330 4329
2331 4287
2332 6291
2333 4700
2334 2740
2335 3440
2336 2834
2337 3493
2338 2063
2339 5600
2340 2891
2341 8017
2342 8931
2343 3532
2344 8313
2345 7645
2346 3185
2347 6715
2348 2136
2349 2038
2350 6625
2351 7705
2352 3273
2353 8092
2354 6937
2355 5119
2356 6808
2357 1528
2358 4148
2359 1779
2360 6344
2361 4711
2362 6766
2363 5375
2364 7715
2365 4788
2366 1063
2367 4097
2368 3316
2369 6942
2370 4733
2371 1079
2372 5102
2373 8509
2374 4942
2375 5099
2376 9556
2377 4694
2378 8785
2379 8861
2380 8949
2381 2764
2382 8781
2383 2022
2384 7356
2385 8347
2386 8576
2387 8202
2388 2737
2389 2144
2390 6156
2391 3554
2392 8835
2393 2870
2394 3094
2395 6683
2396 8507
2397 8209
2398 8761
2399 7720
2400 7892
2401 4984
2402 1058
2403 4743
2404 3276
2405 4140
2406 7668
2407 3965
2408 8682
2409 1094
2410 5213
2411 7274
2412 4457
2413 6817
2414 8244
2415 8773
2416 3497
2417 8897
2418 5986
2419 7215
2420 2097
2421 5425
2422 5722
2423 8075
2424 6332
2425 8616
2426 6201
2427 2131
2428 8587
2429 4762
2430 5686
2431 1895
2432 1071
2433 8621
2434 7199
2435 6340
2436 4902
2437 7599
2438 5949
2439 8543
2440 3421
2441 2001
2442 2871
2443 3011
2444 2760
2445 4899
2446 9042
2447 7583
2448 7967
2449 5751
2450 5897
2451 5706
2452 4739
2453 6005
2454 1433
2455 3425
2456 5568
2457 5308
2458 6158
2459 7691
2460 5858
2461 3360
2462 8529
2463 7798
2464 2790
2465 1354
2466 7052
2467 5232
2468 1537
2469 3851
2470 2453
2471 4416
2472 5650
2473 3574
2474 7363
2475 4460
2476 8464
2477 7203
2478 8665
2479 2142
2480 1462
2481 2541
2482 7742
2483 1316
2484 4449
2485 5357
2486 1321
2487 4746
2488 6721
2489 5099
2490 7209
2491 2649
2492 4461
2493 3266
2494 8536
2495 8284
2496 1617
2497 3620
2498 5771
2499 2097
2500 3839
2501 3080
2502 8712
2503 7355
2504 6137
2505 4508
2506 2918
2507 8671
2508 5393
2509 6088
2510 8232
2511 2604
2512 1700
2513 6501
2514 8768
2515 4376
2516 7617
2517 9952
2518 2119
2519 8592
2520 4292
2521 3910
2522 6259
2523 2749
2524 7825
2525 1115
2526 1283
2527 7286
2528 8901
2529 3510
2530 5364
2531 3782
2532 3725
2533 3270
2534 4836
2535 4217
2536 3460
2537 7394
2538 5151
2539 6517
2540 5851
2541 9280
2542 3073
2543 1947
2544 2099
2545 8866
2546 3764
2547 8714
2548 2634
2549 4951
2550 8162
2551 7973
2552 2996
2553 5387
2554 8905
2555 8075
2556 7309
2557 2697
2558 2549
2559 7971
2560 7759
2561 8658
2562 2748
2563 4863
2564 3622
2565 3785
2566 4208
2567 7058
2568 2797
2569 2658
2570 2421
2571 7110
2572 8418
2573 3083
2574 6826
2575 5209
2576 8251
2577 4840
2578 4433
2579 5761
2580 1611
2581 7948
2582 2418
2583 1901
2584 6863
2585 2012
2586 2875
2587 6350
2588 2812
2589 1106
2590 1334
2591 3614
2592 5798
2593 7047
2594 5095
2595 3573
2596 8135
2597 3484
2598 1150
2599 1543
2600 1786
2601 8426
2602 3911
2603 5921
2604 1634
2605 2622
2606 5145
2607 7031
2608 5403
2609 6055
2610 7102
2611 6414
2612 7773
2613 4744
2614 6177
2615 5934
2616 7308
2617 7675
2618 3453
2619 4143
2620 6120
2621 5317
2622 2170
2623 3148
2624 1882
2625 7767
2626 7269
2627 2548
2628 5957
2629 1611
2630 8560
2631 3286
2632 6185
2633 2384
2634 2139
2635 6970
2636 2353
2637 8192
2638 7400
2639 5023
2640 8589
2641 2145
2642 3851
2643 6180
2644 5818
2645 4961
2646 5596
2647 2697
2648 8749
2649 3882
2650 2565
2651 3014
2652 4471
2653 8197
2654 8195
2655 4316
2656 2058
2657 4771
2658 8988
2659 3323
2660 5407
2661 6720
2662 6755
2663 2348
2664 6064
2665 4480
2666 8893
2667 6598
2668 5426
2669 8744
2670 4327
2671 7740
2672 7333
2673 4068
2674 3582
2675 6279
2676 4468
2677 1150
2678 3351
2679 7526
2680 4154
2681 5187
2682 3559
2683 5700
2684 7896
2685 7316
2686 1632
2687 2954
2688 2894
2689 8990
2690 2575
2691 6042
2692 1884
2693 3833
2694 1861
2695 8112
2696 2386
2697 2741
2698 1459
2699 6877
2700 4544
2701 8612
2702 8857
2703 5847
2704 6759
2705 1355
2706 3283
2707 3532
2708 1448
2709 6527
2710 6606
2711 5882
2712 1071
2713 1486
2714 3728
2715 7767
2716 8415
2717 1727
2718 3725
2719 8745
2720 8484
2721 6579
2722 7504
2723 1016
2724 8207
2725 4336
2726 3092
2727 8197
2728 3637
2729 5152
2730 3128
2731 3052
2732 8617
2733 6844
2734 3402
2735 4926
2736 2974
2737 7089
2738 1549
2739 2530
2740 1353
2741 1678
2742 3019
2743 8574
2744 5019
2745 6049
2746 7143
2747 4822
2748 3873
2749 1551
2750 7736
2751 4294
2752 3934
2753 4098
2754 7788
2755 5457
2756 1674
2757 2304
2758 4248
2759 7480
2760 7633
2761 4969
2762 8158
2763 6327
2764 1388
2765 8894
2766 3427
2767 2101
2768 3700
2769 6520
2770 7090
2771 8586
2772 4270
2773 5125
2774 8878
2775 7146
2776 1063
2777 6978
2778 6999
2779 7539
2780 2607
2781 8806
2782 5292
2783 8045
2784 5655
2785 6056
2786 6050
2787 2364
2788 8516
2789 7320
2790 2810
2791 6223
2792 7119
2793 5390
2794 6278
2795 8278
2796 8263
2797 6136
2798 3993
2799 8976
2800 5646
2801 3257
2802 7274
2803 1403
2804 4593
2805 8733
2806 8310
2807 7809
2808 6931
2809 2854
2810 7331
2811 5593
2812 7121
2813 2218
2814 4978
2815 4168
2816 4185
2817 3323
2818 6820
2819 6550
2820 3383
2821 8597
2822 6572
2823 7421
2824 6366
2825 8423
2826 7627
2827 8710
2828 6098
2829 6731
2830 3041
2831 4888
2832 8013
2833 9974
2834 7139
2835 2449
2836 6399
2837 5345
2838 2893
2839 3947
2840 6024
2841 8426
2842 3548
2843 8621
2844 4463
2845 6438
2846 7277
2847 5780
2848 1862
2849 8060
2850 3091
2851 5550
2852 5672
2853 8440
2854 8181
2855 6900
2856 5877
2857 2173
2858 3513
2859 3201
2860 6674
2861 4550
2862 2104
2863 6005
2864 2688
2865 2740
2866 4597
2867 2439
2868 5637
2869 8388
2870 8216
2871 3390
2872 5278
2873 5623
2874 7848
2875 1664
2876 3932
2877 1297
2878 5155
2879 6545
2880 5254
2881 4837
2882 2715
2883 2448
2884 5591
2885 6114
2886 5155
2887 3315
2888 6357
2889 5351
2890 8164
2891 4595
2892 5635
2893 7496
2894 4237
2895 5309
2896 4736
2897 5865
2898 2283
2899 6408
2900 5688
2901 5609
2902 6673
2903 8944
2904 3755
2905 7541
2906 7015
2907 3933
2908 8926
2909 6612
2910 1947
2911 2860
2912 2944
2913 1263
2914 3636
2915 5365
2916 8608
2917 2632
2918 6079
2919 6065
2920 7962
2921 5844
2922 6393
2923 7012
2924 5396
2925 6575
2926 4613
2927 4254
2928 4209
2929 1892
2930 6828
2931 7121
2932 5642
2933 8187
2934 7986
2935 7474
2936 4522
2937 6437
2938 4349
2939 4146
2940 4721
2941 1083
2942 5791
2943 5975
2944 5990
2945 5066
2946 1259
2947 7223
2948 3864
2949 6994
2950 7100
2951 2403
2952 7548
2953 2961
2954 4168
2955 5902
2956 3664
2957 7188
2958 7054
2959 2173
2960 5170
2961 8545
2962 8618
2963 4862
2964 1454
2965 7623
2966 5919
2967 6586
2968 7648
2969 7202
2970 7325
2971 4215
2972 2005
2973 5849
2974 4040
2975 7973
2976 8462
2977 6072
2978 6151
2979 8172
2980 6895
2981 3984
2982 3479
2983 4857
2984 1295
2985 4097
2986 8067
2987 2625
2988 6242
2989 7105
2990 7666
2991 4222
2992 5133
2993 4550
2994 8068
2995 1493
2996 6995
2997 2745
2998 1651
2999 2451
3000 7283
3001 1548
3002 4996
3003 7355
3004 8404
3005 5590
3006 7715
3007 1305
3008 4840
3009 9743
3010 8761
3011 5107
3012 8260
3013 1379
3014 2770
3015 7322
3016 8772
3017 5874
3018 5644
3019 1554
3020 8793
3021 8677
3022 5127
3023 7147
3024 3781
3025 4542
3026 5263
3027 3432
3028 3452
3029 5783
3030 5217
3031 7825
3032 6467
3033 3660
3034 2674
3035 3962
3036 5376
3037 7234
3038 9859
3039 3468
3040 2717
3041 4863
3042 7321
3043 1255
3044 5551
3045 2604
3046 4265
3047 2070
3048 6066
3049 6670
3050 1260
3051 2589
3052 8917
3053 8610
3054 5551
3055 8760
3056 3486
3057 6827
3058 6174
3059 3850
3060 3121
3061 4298
3062 8465
3063 2208
3064 1245
3065 7227
3066 1290
3067 5620
3068 4198
3069 2739
3070 6621
3071 3250
3072 6855
3073 1980
3074 8448
3075 1374
3076 3786
3077 1223
3078 5499
3079 1024
3080 1546
3081 6044
3082 1326
3083 2821
3084 2464
3085 6062
3086 6439
3087 3265
3088 2825
3089 7442
3090 6459
3091 6917
3092 2185
3093 2754
3094 8358
3095 2043
3096 3006
3097 7116
3098 3738
3099 6076
3100 8286
3101 8301
3102 7312
3103 3721
3104 6648
3105 2119
3106 5284
3107 3499
3108 1817
3109 3241
3110 5713
3111 3838
3112 5686
3113 1037
3114 6477
3115 3705
3116 6795
3117 4443
3118 2804
3119 3172
3120 8401
3121 3527
3122 5015
3123 5148
3124 3438
3125 2760
3126 1709
3127 8548
3128 4549
3129 2985
3130 1865
3131 7498
3132 2174
3133 7661
3134 7745
3135 8053
3136 2622
3137 2691
3138 8975
3139 2343
3140 6818
3141 8454
3142 5514
3143 3992
3144 5669
3145 6024
3146 3653
3147 1069
3148 8682
3149 5494
3150 6139
3151 6621
3152 5999
3153 2399
3154 5076
3155 7059
3156 5795
3157 2614
3158 8510
3159 1612
3160 2349
3161 7395
3162 7827
3163 3612
3164 2059
3165 5569
3166 8978
3167 8548
3168 8145
3169 2225
3170 2996
3171 5823
3172 8265
3173 6213
3174 1641
3175 6894
3176 4619
3177 7779
3178 3058
3179 6334
3180 1988
3181 8735
3182 6539
3183 8078
3184 8219
3185 8857
3186 2821
3187 4047
3188 2408
3189 2330
3190 2829
3191 6607
3192 4462
3193 1903
3194 2334
3195 3996
3196 8712
3197 1004
3198 2846
3199 2553
3200 8199
3201 1229
3202 2660
3203 3244
3204 2202
3205 5425
3206 4265
3207 2922
3208 1937
3209 5842
3210 7856
3211 5948
3212 3883
3213 7612
3214 7187
3215 8559
3216 2018
3217 6543
3218 1226
3219 5925
3220 4327
3221 7407
3222 3709
3223 8199
3224 6681
3225 6552
3226 5501
3227 4266
3228 2774
3229 1210
3230 2621
3231 3525
3232 7369
3233 5022
3234 6708
3235 7926
3236 1941
3237 1890
3238 6776
3239 5926
3240 8148
3241 2700
3242 3695
3243 3540
3244 2810
3245 2824
3246 7451
3247 5890
3248 5555
3249 5481
3250 5015
3251 4941
3252 5337
3253 4347
3254 7719
3255 7684
3256 8601
3257 1135
3258 3848
3259 5889
3260 1564
3261 8923
3262 3328
3263 4914
3264 5472
3265 2525
3266 2418
3267 3645
3268 7877
3269 4276
3270 5520
3271 3330
3272 7085
3273 6830
3274 7785
3275 6299
3276 7811
3277 5844
3278 6711
3279 7342
3280 1671
3281 7492
3282 8099
3283 4532
3284 2481
3285 6579
3286 8228
3287 1707
3288 3905
3289 6525
3290 7398
3291 6665
3292 6790
3293 8548
3294 2228
3295 1773
3296 1834
3297 4257
3298 6279
3299 8377
3300 3229
3301 5612
3302 2531
3303 3696
3304 5495
3305 4624
3306 5496
3307 2969
3308 4269
3309 8376
3310 5837
3311 4828
3312 6589
3313 3967
3314 3259
3315 3304
3316 1628
3317 1179
3318 7870
3319 9031
3320 4985
3321 3986
3322 7400
3323 6432
3324 3897
3325 4453
3326 8772
3327 3847
3328 8623
3329 3077
3330 2018
3331 1750
3332 2092
3333 3424
3334 7967
3335 8570
3336 4622
3337 6681
3338 2206
3339 8808
3340 4697
3341 3959
3342 3523
3343 4090
3344 3803
3345 7408
3346 2821
3347 4892
3348 6003
3349 5122
3350 2217
3351 8482
3352 8172
3353 7366
3354 8392
3355 4915
3356 3642
3357 2995
3358 1273
3359 8841
3360 6083
3361 2273
3362 1261
3363 7685
3364 7139
3365 4730
3366 4620
3367 1102
3368 5925
3369 6912
3370 3287
3371 1998
3372 8086
3373 8760
3374 7318
3375 2324
3376 3237
3377 2907
3378 5784
3379 5988
3380 8520
3381 5596
3382 6979
3383 3890
3384 6835
3385 2535
3386 4744
3387 8187
3388 3285
3389 3886
3390 2077
3391 8319
3392 1508
3393 5212
3394 3248
3395 1143
3396 3660
3397 1920
3398 4843
3399 5185
3400 6888
3401 8238
3402 1354
3403 8243
3404 6931
3405 5368
3406 6516
3407 5111
3408 4936
3409 4238
3410 8971
3411 3286
3412 1305
3413 5691
3414 7361
3415 1588
3416 2634
3417 5596
3418 3435
3419 5169
3420 2613
3421 4710
3422 6815
3423 3677
3424 5721
3425 7210
3426 2961
3427 2142
3428 2869
3429 8138
3430 4864
3431 5135
3432 5381
3433 4286
3434 3757
3435 6169
3436 3580
3437 4061
3438 2268
3439 5283
3440 7060
3441 5704
3442 2371
3443 1125
3444 7022
3445 6023
3446 4129
3447 1892
3448 4126
3449 1483
3450 6186
3451 3085
3452 6718
3453 5230
3454 3465
3455 5843
3456 3503
3457 6163
3458 8187
3459 4072
3460 6708
3461 2477
3462 3112
3463 3840
3464 8595
3465 8632
3466 7388
3467 6459
3468 8525
3469 5570
3470 8783
3471 6482
3472 6503
3473 2207
3474 6738
3475 8801
3476 4082
3477 1598
3478 1499
3479 2815
3480 7641
3481 6098
3482 5380
3483 8491
3484 3237
3485 7420
3486 5846
3487 1750
3488 8796
3489 1681
3490 4552
3491 6275
3492 1831
3493 8110
3494 5394
3495 4469
3496 2525
3497 1282
3498 1220
3499 6972
3500 2601
3501 2412
3502 6224
3503 3538
3504 6875
3505 5208
3506 3816
3507 6078
3508 4391
3509 7657
3510 3882
3511 6194
3512 1496
3513 4996
3514 6031
3515 5686
3516 1260
3517 6473
3518 3309
3519 6382
3520 7419
3521 3270
3522 1985
3523 4782
3524 8355
3525 1260
3526 6880
3527 9153
3528 4922
3529 2824
3530 2301
3531 3360
3532 6916
3533 6289
3534 4740
3535 7387
3536 2923
3537 8333
3538 4859
3539 3779
3540 3102
3541 4782
3542 8700
3543 7791
3544 2266
3545 7140
3546 6244
3547 8117
3548 2656
3549 2253
3550 8092
3551 2751
3552 4056
3553 4315
3554 2714
3555 4463
3556 8743
3557 3179
3558 3451
3559 8795
3560 4872
3561 7150
3562 4603
3563 1312
3564 4750
3565 4560
3566 8153
3567 3285
3568 6605
3569 2197
3570 1783
3571 8204
3572 2798
3573 1359
3574 7471
3575 8078
3576 7749
3577 8102
3578 1789
3579 3818
3580 8336
3581 3313
3582 7493
3583 3216
3584 8512
3585 8530
3586 1746
3587 7665
3588 2246
3589 6652
3590 5530
3591 3009
3592 8916
3593 8986
3594 8607
3595 3639
3596 3518
3597 4935
3598 6395
3599 2771
3600 3674
3601 6615
3602 4004
3603 4208
3604 7993
3605 3222
3606 7106
3607 7228
3608 5703
3609 6050
3610 5079
3611 6132
3612 8993
3613 4666
3614 8716
3615 3721
3616 2715
3617 1559
3618 2650
3619 2863
3620 4449
3621 5736
3622 3467
3623 2047
3624 3402
3625 5187
3626 7098
3627 5148
3628 2521
3629 9049
3630 2109
3631 2414
3632 8923
3633 2961
3634 6885
3635 8146
3636 1002
3637 2554
3638 4614
3639 8728
3640 6005
3641 2041
3642 9548
3643 8438
3644 8500
3645 7624
3646 2275
3647 5309
3648 1607
3649 2542
3650 4012
3651 3754
3652 2511
3653 2871
3654 4199
3655 8502
3656 7060
3657 4458
3658 6865
3659 1990
3660 5762
3661 1328
3662 7871
3663 5964
3664 4911
3665 7310
3666 2445
3667 2923
3668 2376
3669 2171
3670 2250
3671 5250
3672 3684
3673 4312
3674 6954
3675 5555
3676 1190
3677 9569
3678 5742
3679 1844
3680 1222
3681 3920
3682 8534
3683 5245
3684 5774
3685 2138
3686 4725
3687 9402
3688 5649
3689 6134
3690 4859
3691 4331
3692 1803
3693 1618
3694 7532
3695 6552
3696 2496
3697 8439
3698 7632
3699 7995
3700 5000
3701 5238
3702 1887
3703 7953
3704 2590
3705 1214
3706 3211
3707 7011
3708 8342
3709 1867
3710 2167
3711 5020
3712 7179
3713 6693
3714 4380
3715 5496
3716 1224
3717 7910
3718 1764
3719 2140
3720 8282
3721 5382
3722 2417
3723 5794
3724 1773
3725 2531
3726 2330
3727 6528
3728 7148
3729 4974
3730 1945
3731 3683
3732 8060
3733 2002
3734 8289
3735 3518
3736 1575
3737 1235
3738 3530
3739 4018
3740 1019
3741 1244
3742 4499
3743 8233
3744 5109
3745 7551
3746 3865
3747 2334
3748 2306
3749 4224
3750 3026
3751 6996
3752 8112
3753 1835
3754 8991
3755 3718
3756 5288
3757 9885
3758 2477
3759 7994
3760 4453
3761 6195
3762 7580
3763 4669
3764 3846
3765 7546
3766 8573
3767 8217
3768 2195
3769 7222
3770 5858
3771 4299
3772 2488
3773 6969
3774 2860
3775 3113
3776 3708
3777 2053
3778 2256
3779 2534
3780 5458
3781 8759
3782 6608
3783 7673
3784 4291
3785 6076
3786 8389
3787 1965
3788 7850
3789 4494
3790 6996
3791 8626
3792 7261
3793 4584
3794 7147
3795 8910
3796 3771
3797 8302
3798 2923
3799 8263
3800 8015
3801 5489
3802 1270
3803 5251
3804 6432
3805 3358
3806 5558
3807 6441
3808 8191
3809 2585
3810 8629
3811 3542
3812 2633
3813 3896
3814 5836
3815 1270
3816 4431
3817 7756
3818 8731
3819 6852
3820 4129
3821 1168
3822 1185
3823 8756
3824 7259
3825 2449
3826 6197
3827 4819
3828 6026
3829 6645
3830 8365
3831 8856
3832 8540
3833 1130
3834 8465
3835 6103
3836 4451
3837 5162
3838 3907
3839 4740
3840 6843
3841 6698
3842 5352
3843 2913
3844 6392
3845 8861
3846 7824
3847 4822
3848 1747
3849 6433
3850 2511
3851 1491
3852 6446
3853 4574
3854 3676
3855 8844
3856 5422
3857 5466
3858 8474
3859 6107
3860 6245
3861 8735
3862 1752
3863 2874
3864 2816
3865 2037
3866 1964
3867 5754
3868 8396
3869 5422
3870 3517
3871 6921
3872 4224
3873 3717
3874 7510
3875 8530
3876 3602
3877 7020
3878 6236
3879 3375
3880 7734
3881 1123
3882 7603
3883 8349
3884 1888
3885 7594
3886 7630
3887 4771
3888 7322
3889 2203
3890 3381
3891 2404
3892 6044
3893 4037
3894 7303
3895 6244
3896 8568
3897 8121
3898 1539
3899 9438
3900 5760
3901 2557
3902 1955
3903 8958
3904 3282
3905 5775
3906 1766
3907 7272
3908 7316
3909 5370
3910 7558
3911 6243
3912 6480
3913 3527
3914 4219
3915 3870
3916 1165
3917 8955
3918 5799
3919 4058
3920 4636
3921 7976
3922 4866
3923 6585
3924 2340
3925 7679
3926 6332
3927 8712
3928 5701
3929 6718
3930 5278
3931 4640
3932 8475
3933 2382
3934 1843
3935 2165
3936 7283
3937 8309
3938 5322
3939 5305
3940 3019
3941 5036
3942 5211
3943 1239
3944 1569
3945 7410
3946 7325
3947 3592
3948 8815
3949 6070
3950 5388
3951 4873
3952 5871
3953 2724
3954 3651
3955 8400
3956 5465
3957 6949
3958 1458
3959 1790
3960 4390
3961 3322
3962 8722
3963 6391
3964 6915
3965 7829
3966 7052
3967 6186
3968 3371
3969 3968
3970 7092
3971 8113
3972 4953
3973 8604
3974 8584
3975 1082
3976 5408
3977 6277
3978 3505
3979 1025
3980 3007
3981 7907
3982 5426
3983 5754
3984 6928
3985 3831
3986 3512
3987 5775
3988 6878
3989 1110
3990 7040
3991 7138
3992 5989
3993 1702
3994 1876
3995 3200
3996 3120
3997 1914
3998 1288
3999 8137
4000 1920
4001 4514
4002 6714
4003 3780
4004 7571
4005 3800
4006 5114
4007 7138
4008 8353
4009 6642
4010 6414
4011 2060
4012 7325
4013 8772
4014 4101
4015 2316
4016 6374
4017 6447
4018 6647
4019 1587
4020 6833
4021 2178
4022 4578
4023 5034
4024 1334
4025 4756
4026 2410
4027 4453
4028 2059
4029 6890
4030 4416
4031 8759
4032 7391
4033 5355
4034 6915
4035 8113
4036 8043
4037 2861
4038 1733
4039 5412
4040 5752
4041 3595
4042 8336
4043 3681
4044 7127
4045 8895
4046 3049
4047 2682
4048 5397
4049 4139
4050 5609
4051 7096
4052 1756
4053 4726
4054 8385
4055 4845
4056 4499
4057 8867
4058 7502
4059 2872
4060 5615
4061 7240
4062 7074
4063 8949
4064 5872
4065 8683
4066 2193
4067 6468
4068 5704
4069 4712
4070 3094
4071 8775
4072 3748
4073 3074
4074 5871
4075 3554
4076 3742
4077 6523
4078 3139
4079 6210
4080 5879
4081 5925
4082 3197
4083 4135
4084 3353
4085 1686
4086 6459
4087 3063
4088 2010
4089 1689
4090 4093
4091 6595
4092 4148
4093 1580
4094 6455
4095 5503
4096 8051
4097 3136
4098 3968
4099 2897
4100 5032
4101 1930
4102 2776
4103 8302
4104 4444
4105 1510
4106 5994
4107 7049
4108 2033
4109 2189
4110 4248
4111 6935
4112 6328
4113 8380
4114 8457
4115 3145
4116 1523
4117 1229
4118 2168
4119 8136
4120 6233
4121 4846
4122 5115
4123 1007
4124 9593
4125 3155
4126 8680
4127 2971
4128 2949
4129 7766
4130 3606
4131 7915
4132 5639
4133 1328
4134 6843
4135 3953
4136 8857
4137 8518
4138 6827
4139 8932
4140 9787
4141 5379
4142 1369
4143 8571
4144 3151
4145 3961
4146 7905
4147 5766
4148 8347
4149 7627
4150 4296
4151 8983
4152 1073
4153 1583
4154 8433
4155 2649
4156 8500
4157 7017
4158 5601
4159 3685
4160 1436
4161 4866
4162 7131
4163 4484
4164 3570
4165 5395
4166 8380
4167 3434
4168 6299
4169 7062
4170 8223
4171 6158
4172 4556
4173 8632
4174 4742
4175 8000
4176 1858
4177 8866
4178 3641
4179 4733
4180 8574
4181 4081
4182 8241
4183 1292
4184 5203
4185 8192
4186 5255
4187 4016
4188 7067
4189 2001
4190 8025
4191 2248
4192 7663
4193 6162
4194 7046
4195 5424
4196 4759
4197 4221
4198 2784
4199 7810
4200 5787
4201 1847
4202 8228
4203 6050
4204 5406
4205 6367
4206 2920
4207 2742
4208 5587
4209 1632
4210 8230
4211 2128
4212 6761
4213 7399
4214 2906
4215 7168
4216 8654
4217 3227
4218 7971
4219 6694
4220 6385
4221 5640
4222 5723
4223 8422
4224 1718
4225 8993
4226 4140
4227 8392
4228 3697
4229 2776
4230 2844
4231 5896
4232 7058
4233 8690
4234 7036
4235 5705
4236 1411
4237 4846
4238 2676
4239 2588
4240 5957
4241 5465
4242 5806
4243 3953
4244 8632
4245 8563
4246 2394
4247 7492
4248 7707
4249 3688
4250 2667
4251 3755
4252 6407
4253 4526
4254 3579
4255 2512
4256 7257
4257 8122
4258 1189
4259 7523
4260 5934
4261 5306
4262 4303
4263 6931
4264 4487
4265 7515
4266 3587
4267 5263
4268 1060
4269 5079
4270 1081
4271 4846
4272 7389
4273 2387
4274 8552
4275 8487
4276 5639
4277 3178
4278 4654
4279 1636
4280 8494
4281 5256
4282 5436
4283 5022
4284 5520
4285 3727
4286 2011
4287 6561
4288 7690
4289 1575
4290 1783
4291 3007
4292 3209
4293 2544
4294 2755
4295 2068
4296 2906
4297 2922
4298 4729
4299 3880
4300 5437
4301 5783
4302 1368
4303 8106
4304 8236
4305 6217
4306 4889
4307 3670
4308 2412
4309 3382
4310 1391
4311 4595
4312 2831
4313 8637
4314 1837
4315 3407
4316 6267
4317 8470
4318 5730
4319 5064
4320 3337
4321 6027
4322 3494
4323 1126
4324 5951
4325 7663
4326 6982
4327 5562
4328 7442
4329 1113
4330 5190
4331 7533
4332 1780
4333 5209
4334 4351
4335 7941
4336 4564
4337 5140
4338 7611
4339 8263
4340 1639
4341 2124
4342 7550
4343 1227
4344 8739
4345 4229
4346 8052
4347 7699
4348 8849
4349 5838
4350 2835
4351 1059
4352 1656
4353 4154
4354 8246
4355 7587
4356 4883
4357 4389
4358 8875
4359 2250
4360 3279
4361 3767
4362 3709
4363 5149
4364 6014
4365 2608
4366 3485
4367 8938
4368 7508
4369 3010
4370 6203
4371 7862
4372 2970
4373 2544
4374 7104
4375 5157
4376 8081
4377 7138
4378 8632
4379 1032
4380 1138
4381 5981
4382 3923
4383 1587
4384 3215
4385 4033
4386 4078
4387 1252
4388 4171
4389 8169
4390 8615
4391 4144
4392 6667
4393 8260
4394 5120
4395 1157
4396 1003
4397 5492
4398 6845
4399 4944
4400 2459
4401 2740
4402 5134
4403 3288
4404 3732
4405 5743
4406 1282
4407 6466
4408 4793
4409 8789
4410 5382
4411 8948
4412 4215
4413 2868
4414 4046
4415 1620
4416 6285
4417 5818
4418 6984
4419 1450
4420 5340
4421 5012
4422 2263
4423 2106
4424 6465
4425 6736
4426 5503
4427 8785
4428 5609
4429 7959
4430 3422
4431 2942
4432 4910
4433 2749
4434 8001
4435 4128
4436 2031
4437 2372
4438 6738
4439 5018
4440 3041
4441 4300
4442 7743
4443 8068
4444 8693
4445 5780
4446 1513
4447 7885
4448 2607
4449 2611
4450 3413
4451 5961
4452 8217
4453 2862
4454 8137
4455 6396
4456 2007
4457 4635
4458 3825
4459 6561
4460 2238
4461 4483
4462 3043
4463 4734
4464 1966
4465 7644
4466 7103
4467 6079
4468 2684
4469 1409
4470 2130
4471 7519
4472 4154
4473 2339
4474 4287
4475 8880
4476 8412
4477 6315
4478 2310
4479 5180
4480 2450
4481 8482
4482 1298
4483 8508
4484 7797
4485 9000
4486 1734
4487 3494
4488 3114
4489 4088
4490 7808
4491 8100
4492 4282
4493 6229
4494 6818
4495 3342
4496 8157
4497 8474
4498 3786
4499 8413
4500 1787
4501 3834
4502 5395
4503 1505
4504 3277
4505 3582
4506 6032
4507 7548
4508 4975
4509 9079
4510 8531
4511 4511
4512 5254
4513 4020
4514 3041
4515 4455
4516 2734
4517 3047
4518 6131
4519 7097
4520 7245
4521 6042
4522 7117
4523 6641
4524 1098
4525 9816
4526 3447
4527 4972
4528 4410
4529 8451
4530 1765
4531 6108
4532 5555
4533 4924
4534 7277
4535 5928
4536 6018
4537 3932
4538 2057
4539 4695
4540 8014
4541 3495
4542 2361
4543 3423
4544 1867
4545 6173
4546 4508
4547 8528
4548 6861
4549 6897
4550 6127
4551 6736
4552 2955
4553 6753
4554 8570
4555 7118
4556 8661
4557 3057
4558 7490
4559 2431
4560 5844
4561 2452
4562 8336
4563 3201
4564 3410
4565 7098
4566 3862
4567 5405
4568 5235
4569 1849
4570 6127
4571 7039
4572 1661
4573 8898
4574 4127
4575 5465
4576 3884
4577 4466
4578 4711
4579 3360
4580 1613
4581 3452
4582 6037
4583 7813
4584 2811
4585 2184
4586 6218
4587 6839
4588 8758
4589 1065
4590 3180
4591 1239
4592 6439
4593 3901
4594 7499
4595 3346
4596 7160
4597 8180
4598 9301
4599 8255
4600 1380
4601 3352
4602 8111
4603 9976
4604 8131
4605 2995
4606 2876
4607 4785
4608 1627
4609 4328
4610 5930
4611 7197
4612 8107
4613 8038
4614 1447
4615 3142
4616 5060
4617 4621
4618 6628
4619 1256
4620 1002
4621 5549
4622 4067
4623 8025
4624 6254
4625 1895
4626 9278
4627 5958
4628 5609
4629 6440
4630 8235
4631 5340
4632 4418
4633 8572
4634 4857
4635 7770
4636 1101
4637 6277
4638 3801
4639 4832
4640 2891
4641 5342
4642 1381
4643 2011
4644 4886
4645 6979
4646 2745
4647 1260
4648 8268
4649 7691
4650 6429
4651 3239
4652 8373
4653 7291
4654 4513
4655 8327
4656 3765
4657 8904
4658 7037
4659 2146
4660 4574
4661 4949
4662 4047
4663 7834
4664 8223
4665 1631
4666 6984
4667 5875
4668 1327
4669 6161
4670 4158
4671 3215
4672 7924
4673 3363
4674 3147
4675 5188
4676 5863
4677 3670
4678 8968
4679 7664
4680 3236
4681 1106
4682 3033
4683 5619
4684 4370
4685 2107
4686 1491
4687 8978
4688 5638
4689 4933
4690 7657
4691 1372
4692 7102
4693 5305
4694 2779
4695 3460
4696 1055
4697 7200
4698 2465
4699 3428
4700 2487
4701 8692
4702 6592
4703 1498
4704 6511
4705 1091
4706 2009
4707 1971
4708 7709
4709 3325
4710 7310
4711 1450
4712 8801
4713 2413
4714 3553
4715 6970
4716 2058
4717 8873
4718 4237
4719 5103
4720 8595
4721 5724
4722 4303
4723 7032
4724 4356
4725 7746
4726 5568
4727 4144
4728 7419
4729 3451
4730 4000
4731 4700
4732 7303
4733 7145
4734 2644
4735 3893
4736 4511
4737 6443
4738 7646
4739 1614
4740 1779
4741 5467
4742 2323
4743 2897
4744 1531
4745 5924
4746 3132
4747 1604
4748 4441
4749 3306
4750 6413
4751 7960
4752 1325
4753 6981
4754 8279
4755 1623
4756 1318
4757 2712
4758 2423
4759 5536
4760 1244
4761 4514
4762 8216
4763 1026
4764 8545
4765 1752
4766 2649
4767 1098
4768 5558
4769 8807
4770 3757
4771 7957
4772 7524
4773 6508
4774 4824
4775 2139
4776 2268
4777 8487
4778 3291
4779 2667
4780 2304
4781 4088
4782 5351
4783 3638
4784 9499
4785 1443
4786 5583
4787 5934
4788 3845
4789 6003
4790 2533
4791 5864
4792 6224
4793 8432
4794 4603
4795 8141
4796 5484
4797 2748
4798 7467
4799 1418
4800 3827
4801 1761
4802 2433
4803 4443
4804 1957
4805 5282
4806 4550
4807 6638
4808 5419
4809 8003
4810 6386
4811 8533
4812 2982
4813 7713
4814 1187
4815 1997
4816 4270
4817 8889
4818 1604
4819 3788
4820 5364
4821 8369
4822 5999
4823 6105
4824 3999
4825 1061
4826 5976
4827 6445
4828 8358
4829 3498
4830 8307
4831 5744
4832 7224
4833 8495
4834 5651
4835 5139
4836 5688
4837 7375
4838 6454
4839 6352
4840 3748
4841 1514
4842 5563
4843 6459
4844 1124
4845 4373
4846 8447
4847 7002
4848 1192
4849 5835
4850 6938
4851 5226
4852 2706
4853 4489
4854 6719
4855 1969
4856 5558
4857 8487
4858 4306
4859 7187
4860 2515
4861 1375
4862 7265
4863 4725
4864 1657
4865 3486
4866 9286
4867 8013
4868 8675
4869 5289
4870 6687
4871 5409
4872 1302
4873 8363
4874 6886
4875 5922
4876 8739
4877 5016
4878 8716
4879 6753
4880 5036
4881 7904
4882 7396
4883 8190
4884 2023
4885 6437
4886 3556
4887 4727
4888 8312
4889 4218
4890 9375
4891 4015
4892 1234
4893 5632
4894 6216
4895 2010
4896 3473
4897 7609
4898 6079
4899 3018
4900 1726
4901 2012
4902 2879
4903 2389
4904 8671
4905 8740
4906 4447
4907 4142
4908 7030
4909 2176
4910 5896
4911 8717
4912 1746
4913 3185
4914 2602
4915 8803
4916 5186
4917 1814
4918 6019
4919 7818
4920 1367
4921 6543
4922 7131
4923 8408
4924 6385
4925 3599
4926 8814
4927 8032
4928 5768
4929 6381
4930 6538
4931 4983
4932 8371
4933 2641
4934 4531
4935 7542
4936 1482
4937 2620
4938 7444
4939 2360
4940 4217
4941 5853
4942 8371
4943 8670
4944 3566
4945 8685
4946 5050
4947 5022
4948 5877
4949 2227
4950 4715
4951 5741
4952 3037
4953 5602
4954 2505
4955 2361
4956 5025
4957 7722
4958 1855
4959 8219
4960 8650
4961 6090
4962 2194
4963 3981
4964 2255
4965 4762
4966 6614
4967 1749
4968 2334
4969 2921
4970 4554
4971 6228
4972 6104
4973 3729
4974 8356
4975 4312
4976 2460
4977 1585
4978 4758
4979 6835
4980 1758
4981 1459
4982 6596
4983 8170
4984 6898
4985 2351
4986 6853
4987 8879
4988 7493
4989 4969
4990 6268
4991 2140
4992 3926
4993 7783
4994 3415
4995 2998
4996 1707
4997 6103
4998 6761
4999 4332
5000 7211
5001 4486
5002 7404
5003 8774
5004 4522
5005 2676
5006 2527
5007 5819
5008 5825
5009 7442
5010 5935
5011 1400
5012 2796
5013 6262
5014 1350
5015 5916
5016 7034
5017 5359
5018 5311
5019 8750
5020 2919
5021 2254
5022 1293
5023 4322
5024 4300
5025 3975
5026 6051
5027 7251
5028 6664
5029 7500
5030 6571
5031 4031
5032 8706
5033 5242
5034 8203
5035 4810
5036 4375
5037 1063
5038 6300
5039 6933
5040 3067
5041 4402
5042 7315
5043 3239
5044 3073
5045 8508
5046 2594
5047 3961
5048 5832
5049 1736
5050 4545
5051 1555
5052 1333
5053 8842
5054 1586
5055 2159
5056 8514
5057 7613
5058 4822
5059 6079
5060 3266
5061 7776
5062 6407
5063 4249
5064 2740
5065 4344
5066 3694
5067 1217
5068 3650
5069 5288
5070 1432
5071 8436
5072 5312
5073 5619
5074 4519
5075 8810
5076 7456
5077 5577
5078 2167
5079 1214
5080 7642
5081 1645
5082 1986
5083 5708
5084 9367
5085 5247
5086 2910
5087 7305
5088 8382
5089 1480
5090 6358
5091 3924
5092 3736
5093 3572
5094 7243
5095 6235
5096 1344
5097 5543
5098 2394
5099 2999
5100 7076
5101 9750
5102 5939
5103 1004
5104 1667
5105 8323
5106 1437
5107 1668
5108 7187
5109 1929
5110 8430
5111 1197
5112 9353
5113 5491
5114 6737
5115 7161
5116 8835
5117 1192
5118 6854
5119 3587
5120 2897
5121 7481
5122 3200
5123 8342
5124 8856
5125 9129
5126 8938
5127 3420
5128 5436
5129 6986
5130 6208
5131 5523
5132 4034
5133 2672
5134 7642
5135 5385
5136 2327
5137 1336
5138 6608
5139 5525
5140 5422
5141 3077
5142 7720
5143 5581
5144 3181
5145 2792
5146 6531
5147 6989
5148 5609
5149 2377
5150 6959
5151 4975
5152 8165
5153 5707
5154 4456
5155 4343
5156 5090
5157 7223
5158 5884
5159 9322
5160 8903
5161 8901
5162 8901
5163 2734
5164 4760
5165 2568
5166 5636
5167 5707
5168 6258
5169 5579
5170 3460
5171 6937
5172 4073
5173 1352
5174 7659
5175 4230
5176 5524
5177 5140
5178 6845
5179 1648
5180 7909
5181 6064
5182 6685
5183 3218
5184 7935
5185 7853
5186 4920
5187 3849
5188 4734
5189 3779
5190 3879
5191 8283
5192 5556
5193 7882
5194 6555
5195 8761
5196 8109
5197 9289
5198 6309
5199 8025
5200 7963
5201 2319
5202 5337
5203 7643
5204 2190
5205 4891
5206 3561
5207 4498
5208 1845
5209 5081
5210 8807
5211 7290
5212 4548
5213 8171
5214 3606
5215 8357
5216 7911
5217 2566
5218 7139
5219 1200
5220 1843
5221 1452
5222 7967
5223 5921
5224 1534
5225 3788
5226 5354
5227 5341
5228 7182
5229 6150
5230 4770
5231 1940
5232 3263
5233 7394
5234 9902
5235 2674
5236 5363
5237 6962
5238 5190
5239 2213
5240 2834
5241 5449
5242 2609
5243 1309
5244 5615
5245 4663
5246 3631
5247 2066
5248 4338
5249 3150
5250 8541
5251 8876
5252 8015
5253 1382
5254 3356
5255 4940
5256 6293
5257 5954
5258 1699
5259 5286
5260 2541
5261 4921
5262 6398
5263 1568
5264 4555
5265 2978
5266 4263
5267 3243
5268 7319
5269 4953
5270 1432
5271 7599
5272 7910
5273 6628
5274 8708
5275 4330
5276 4789
5277 4949
5278 5760
5279 1257
5280 1947
5281 6985
5282 2398
5283 8791
5284 5959
5285 5531
5286 1653
5287 2494
5288 8472
5289 4482
5290 8774
5291 3374
5292 7738
5293 4786
5294 1631
5295 2939
5296 7097
5297 5966
5298 5608
5299 7188
5300 3598
5301 8764
5302 8693
5303 4578
5304 4896
5305 6736
5306 8628
5307 4281
5308 4295
5309 2777
5310 2087
5311 4261
5312 4316
5313 3115
5314 8252
5315 1994
5316 7918
5317 4211
5318 6995
5319 1141
5320 4750
5321 6060
5322 7093
5323 5333
5324 7415
5325 6628
5326 8283
5327 3348
5328 4214
5329 1847
5330 2591
5331 1183
5332 5869
5333 7803
5334 1081
5335 3935
5336 1338
5337 7468
5338 7474
5339 2403
5340 4795
5341 3288
5342 7592
5343 7786
5344 3987
5345 4181
5346 6439
5347 1873
5348 8016
5349 7908
5350 8864
5351 8165
5352 7426
5353 6960
5354 3223
5355 3616
5356 1211
5357 3405
5358 6824
5359 3336
5360 3785
5361 8248
5362 5066
5363 8385
5364 3607
5365 7943
5366 2310
5367 2421
5368 6277
5369 7952
5370 5476
5371 4326
5372 5488
5373 3516
5374 7583
5375 7756
5376 7096
5377 5912
5378 2520
5379 2886
5380 2777
5381 5122
5382 7357
5383 3197
5384 8066
5385 4007
5386 3661
5387 8682
5388 7284
5389 6080
5390 3571
5391 8139
5392 4924
5393 6084
5394 1018
5395 3960
5396 7085
5397 9080
5398 6021
5399 7929
5400 5652
5401 1073
5402 8269
5403 6801
5404 7932
5405 5072
5406 7839
5407 3283
5408 9117
5409 7469
5410 8122
5411 2769
5412 3366
5413 4308
5414 3234
5415 3568
5416 2673
5417 4725
5418 4054
5419 8543
5420 8821
5421 1459
5422 6716
5423 7149
5424 8449
5425 5803
5426 3245
5427 3865
5428 6805
5429 8905
5430 7520
5431 3773
5432 6069
5433 7253
5434 8522
5435 8973
5436 3775
5437 7334
5438 7500
5439 1435
5440 2308
5441 3624
5442 6747
5443 3190
5444 8159
5445 5470
5446 7639
5447 5634
5448 3003
5449 3937
5450 8435
5451 8896
5452 3100
5453 5721
5454 3772
5455 5732
5456 7008
5457 8451
5458 3690
5459 5044
5460 2075
5461 7885
5462 6742
5463 3351
5464 7797
5465 5330
5466 4432
5467 1699
5468 5254
5469 5160
5470 3496
5471 3882
5472 7016
5473 2563
5474 3212
5475 6717
5476 5687
5477 3038
5478 1557
5479 1579
5480 3231
5481 4096
5482 8817
5483 3930
5484 5574
5485 7721
5486 2198
5487 6126
5488 5892
5489 3007
5490 5858
5491 8238
5492 3900
5493 6721
5494 7614
5495 4525
5496 1729
5497 5753
5498 2495
5499 5586
5500 7090
5501 3865
5502 5197
5503 6015
5504 7918
5505 1664
5506 8168
5507 6511
5508 6142
5509 4358
5510 1162
5511 1386
5512 4216
5513 4561
5514 8058
5515 6859
5516 4568
5517 8933
5518 4309
5519 2150
5520 8341
5521 5780
5522 4276
5523 6777
5524 8590
5525 6445
5526 2246
5527 5461
5528 7261
5529 6079
5530 8146
5531 1154
5532 3638
5533 1914
5534 3251
5535 5147
5536 4197
5537 6515
5538 1072
5539 8076
5540 8447
5541 8495
5542 6891
5543 1376
5544 5747
5545 3402
5546 4135
5547 6106
5548 8750
5549 1499
5550 4218
5551 1910
5552 7375
5553 6169
5554 6952
5555 2933
5556 2246
5557 4928
5558 7039
5559 5034
5560 2960
5561 3022
5562 3162
5563 6071
5564 6868
5565 8137
5566 6313
5567 4121
5568 1858
5569 3877
5570 8295
5571 4715
5572 4367
5573 3352
5574 3940
5575 4060
5576 1022
5577 5372
5578 3327
5579 2146
5580 5410
5581 1532
5582 7763
5583 6261
5584 2698
5585 2993
5586 8688
5587 7378
5588 6417
5589 1551
5590 3688
5591 2975
5592 4499
5593 7076
5594 3035
5595 9661
5596 9730
5597 6176
5598 3451
5599 4745
5600 6590
5601 6412
5602 1723
5603 8411
5604 8862
5605 6907
5606 4755
5607 6758
5608 4943
5609 6716
5610 3503
5611 2417
5612 4935
5613 6336
5614 4329
5615 1633
5616 2810
5617 5832
5618 1778
5619 6096
5620 1739
5621 2004
5622 2918
5623 3571
5624 8541
5625 8743
5626 6182
5627 7533
5628 3929
5629 6451
5630 5702
5631 1453
5632 4493
5633 4172
5634 6937
5635 5690
5636 4524
5637 6645
5638 2362
5639 6311
5640 6947
5641 1720
5642 5121
5643 7345
5644 8693
5645 1881
5646 5286
5647 3427
5648 6933
5649 3685
5650 2749
5651 6642
5652 1004
5653 7084
5654 3979
5655 6430
5656 6760
5657 7961
5658 6405
5659 6189
5660 6155
5661 3999
5662 3768
5663 5929
5664 5647
5665 7067
5666 1790
5667 8718
5668 2788
5669 9886
5670 4199
5671 7308
5672 6699
5673 6162
5674 2851
5675 7489
5676 6058
5677 2030
5678 1681
5679 7627
5680 4134
5681 3870
5682 7115
5683 2873
5684 2818
5685 7737
5686 5815
5687 2173
5688 4266
5689 7536
5690 6818
5691 5283
5692 6822
5693 5879
5694 2950
5695 2422
5696 6693
5697 3410
5698 2662
5699 7630
5700 5466
5701 1544
5702 3594
5703 2257
5704 2047
5705 1362
5706 8565
5707 5463
5708 1190
5709 2829
5710 2405
5711 1008
5712 1277
5713 3563
5714 1443
5715 2669
5716 1239
5717 7378
5718 6071
5719 6552
5720 5905
5721 3551
5722 4245
5723 4135
5724 6677
5725 5128
5726 2361
5727 1691
5728 6507
5729 1183
5730 2033
5731 3658
5732 6832
5733 8422
5734 8650
5735 2775
5736 8298
5737 6105
5738 1380
5739 3412
5740 6662
5741 4536
5742 2801
5743 1165
5744 4697
5745 1698
5746 9195
5747 5269
5748 5847
5749 7994
5750 8325
5751 7041
5752 2614
5753 8511
5754 3705
5755 1194
5756 7596
5757 9438
5758 6300
5759 1489
5760 1411
5761 2683
5762 3466
5763 5148
5764 2284
5765 7936
5766 3980
5767 3706
5768 3615
5769 8228
5770 2372
5771 3981
5772 3591
5773 8656
5774 3054
5775 7941
5776 3680
5777 4952
5778 2037
5779 7815
5780 7102
5781 1656
5782 7412
5783 7791
5784 2866
5785 6993
5786 6561
5787 5387
5788 6810
5789 8231
5790 8279
5791 4806
5792 2037
5793 6361
5794 6699
5795 3387
5796 6457
5797 7179
5798 1909
5799 1624
5800 4576
5801 3215
5802 4559
5803 8045
5804 6025
5805 1418
5806 6181
5807 5061
5808 1778
5809 6251
5810 5475
5811 4656
5812 5904
5813 7593
5814 4242
5815 6327
5816 6150
5817 6073
5818 2912
5819 8697
5820 7756
5821 7401
5822 2040
5823 3308
5824 2864
5825 2878
5826 2921
5827 1173
5828 5770
5829 1902
5830 6700
5831 1369
5832 6790
5833 2798
5834 2706
5835 2948
5836 3644
5837 8342
5838 7960
5839 2117
5840 5272
5841 3549
5842 6326
5843 5256
5844 7812
5845 4803
5846 5080
5847 6191
5848 3412
5849 6475
5850 8497
5851 4130
5852 2838
5853 4049
5854 8255
5855 8417
5856 4572
5857 8278
5858 1931
5859 7620
5860 6810
5861 9723
5862 5427
5863 4103
5864 4202
5865 4005
5866 3110
5867 7659
5868 8475
5869 4868
5870 3043
5871 5202
5872 2470
5873 8012
5874 5949
5875 1488
5876 6432
5877 1144
5878 3086
5879 8336
5880 6281
5881 5248
5882 1143
5883 4895
5884 2632
5885 6342
5886 7547
5887 7016
5888 7719
5889 8597
5890 3124
5891 2499
5892 5795
5893 3952
5894 8356
5895 3866
5896 1483
5897 2627
5898 3309
5899 2844
5900 1770
5901 7455
5902 2353
5903 1995
5904 2637
5905 7464
5906 6287
5907 4577
5908 4439
5909 2949
5910 8777
5911 1885
5912 2358
5913 8178
5914 7253
5915 2419
5916 5034
5917 7566
5918 6861
5919 1232
5920 1875
5921 5812
5922 4264
5923 8668
5924 3531
5925 7493
5926 8591
5927 8948
5928 2640
5929 4230
5930 4321
5931 7986
5932 2117
5933 6137
5934 5450
5935 2554
5936 6619
5937 2782
5938 1246
5939 1304
5940 7268
5941 7255
5942 1937
5943 7046
5944 4079
5945 7155
5946 7144
5947 4440
5948 6145
5949 3345
5950 1163
5951 2175
5952 6488
5953 2622
5954 5713
5955 6957
5956 8753
5957 4731
5958 3947
5959 3297
5960 6468
5961 2124
5962 5711
5963 4938
5964 1246
5965 7579
5966 4577
5967 2990
5968 3755
5969 4457
5970 6861
5971 6078
5972 5278
5973 5003
5974 8362
5975 8033
5976 6155
5977 6121
5978 8930
5979 4119
5980 2660
5981 3434
5982 5425
5983 2935
5984 2622
5985 5161
5986 6795
5987 5607
5988 7158
5989 5722
5990 2371
5991 8798
5992 4676
5993 7952
5994 7555
5995 3725
5996 5625
5997 7045
5998 1442
5999 5862
6000 1308
6001 3243
6002 8686
6003 6332
6004 7539
6005 7408
6006 2795
6007 8743
6008 1342
6009 1901
6010 8075
6011 3078
6012 8840
6013 8333
6014 2889
6015 4797
6016 5167
6017 7462
6018 6294
6019 5525
6020 3208
6021 3782
6022 6598
6023 8960
6024 3487
6025 7614
6026 4181
6027 6209
6028 1891
6029 9436
6030 5796
6031 3618
6032 3169
6033 3996
6034 1356
6035 4738
6036 3798
6037 2071
6038 8350
6039 6389
6040 8215
6041 7906
6042 3328
6043 7327
6044 3321
6045 6515
6046 3215
6047 7614
6048 8795
6049 3241
6050 1184
6051 7823
6052 8791
6053 7525
6054 9795
6055 6805
6056 6702
6057 1242
6058 3384
6059 3652
6060 5681
6061 4645
6062 6292
6063 6225
6064 3012
6065 5870
6066 5768
6067 4886
6068 4870
6069 6551
6070 7645
6071 2470
6072 8538
6073 3312
6074 5940
6075 6478
6076 8369
6077 8061
6078 1355
6079 7606
6080 2230
6081 4810
6082 3120
6083 4941
6084 5271
6085 3784
6086 1491
6087 2687
6088 3090
6089 1857
6090 2389
6091 1900
6092 3276
6093 7735
6094 1968
6095 4663
6096 5521
6097 1563
6098 2876
6099 6151
6100 1996
6101 4088
6102 7194
6103 4765
6104 1081
6105 8867
6106 4750
6107 5401
6108 3454
6109 5118
6110 7841
6111 2142
6112 6511
6113 5497
6114 6719
6115 3311
6116 7543
6117 3570
6118 1226
6119 3649
6120 8894
6121 7472
6122 7470
6123 8421
6124 2533
6125 1374
6126 4608
6127 8961
6128 3812
6129 8076
6130 8728
6131 1725
6132 1368
6133 8527
6134 4077
6135 7193
6136 7862
6137 1299
6138 9515
6139 8746
6140 1043
6141 7931
6142 4014
6143 2706
6144 8899
6145 4164
6146 1712
6147 6265
6148 1760
6149 3371
6150 5060
6151 5926
6152 1241
6153 5826
6154 2276
6155 6074
6156 4548
6157 2503
6158 2056
6159 3852
6160 6406
6161 1795
6162 3434
6163 5141
6164 2326
6165 8535
6166 5157
6167 8162
6168 4916
6169 8524
6170 6448
6171 5683
6172 3100
6173 5880
6174 3515
6175 4878
6176 3612
6177 5153
6178 3437
6179 3304
6180 1609
6181 4737
6182 7847
6183 7901
6184 5966
6185 2210
6186 2436
6187 1490
6188 7472
6189 6039
6190 1089
6191 4668
6192 4117
6193 8448
6194 4314
6195 6377
6196 3234
6197 3379
6198 3623
6199 6110
6200 5017
6201 3018
6202 7259
6203 4302
6204 7825
6205 4165
6206 4411
6207 4025
6208 4305
6209 5472
6210 7005
6211 6680
6212 5007
6213 6562
6214 3043
6215 2841
6216 4764
6217 3263
6218 5501
6219 8041
6220 3314
6221 5711
6222 8821
6223 1516
6224 1092
6225 3860
6226 1695
6227 1663
6228 2928
6229 3975
6230 3392
6231 4749
6232 6703
6233 2312
6234 7048
6235 2401
6236 8119
6237 2763
6238 3052
6239 8028
6240 6536
6241 2646
6242 5489
6243 1594
6244 4793
6245 1038
6246 3149
6247 1387
6248 3382
6249 4830
6250 3107
6251 8294
6252 7613
6253 7872
6254 5918
6255 6022
6256 1507
6257 1295
6258 1742
6259 8490
6260 1693
6261 1642
6262 7606
6263 7501
6264 2429
6265 6309
6266 7936
6267 2181
6268 1395
6269 2607
6270 6675
6271 5688
6272 6319
6273 3680
6274 2703
6275 8413
6276 4742
6277 2397
6278 3504
6279 4088
6280 8255
6281 5411
6282 8783
6283 5353
6284 6711
6285 4270
6286 2960
6287 5868
6288 3837
6289 2706
6290 3832
6291 8496
6292 7863
6293 1719
6294 6532
6295 1987
6296 6128
6297 2434
6298 3935
6299 7461
6300 3359
6301 8481
6302 6218
6303 7393
6304 2851
6305 2967
6306 5635
6307 8954
6308 8901
6309 1500
6310 7525
6311 1548
6312 6042
6313 4205
6314 6866
6315 6978
6316 3641
6317 5485
6318 7040
6319 6224
6320 5320
6321 2008
6322 5162
6323 6368
6324 6748
6325 7516
6326 6006
6327 6133
6328 2989
6329 6569
6330 8267
6331 1086
6332 4887
6333 1620
6334 2653
6335 5146
6336 6417
6337 3092
6338 4972
6339 8524
6340 1351
6341 6598
6342 2212
6343 7845
6344 6836
6345 5589
6346 6190
6347 5962
6348 8958
6349 4657
6350 4942
6351 7240
6352 1642
6353 4511
6354 2855
6355 7951
6356 7524
6357 7177
6358 5185
6359 6636
6360 5507
6361 1560
6362 7864
6363 5035
6364 1980
6365 8230
6366 2076
6367 4530
6368 6086
6369 3764
6370 8990
6371 7730
6372 5093
6373 6708
6374 8686
6375 8690
6376 3040
6377 6875
6378 3789
6379 1193
6380 5638
6381 6783
6382 8601
6383 7056
6384 8925
6385 7218
6386 3855
6387 4864
6388 8651
6389 1909
6390 2333
6391 5997
6392 8874
6393 8983
6394 4629
6395 2274
6396 5380
6397 4766
6398 2711
6399 4640
6400 1379
6401 7770
6402 8454
6403 1545
6404 1696
6405 2079
6406 4288
6407 3105
6408 4352
6409 3400
6410 1115
6411 4914
6412 2157
6413 7374
6414 8071
6415 4590
6416 8781
6417 7226
6418 3892
6419 7732
6420 1128
6421 7058
6422 8306
6423 2143
6424 2636
6425 6111
6426 4833
6427 7223
6428 3282
6429 6836
6430 4918
6431 3732
6432 7515
6433 2827
6434 5205
6435 2392
6436 3643
6437 1576
6438 7208
6439 2354
6440 7148
6441 5162
6442 7555
6443 3436
6444 3717
6445 1336
6446 5246
6447 7768
6448 6813
6449 1049
6450 4970
6451 7652
6452 4282
6453 5286
6454 6022
6455 1746
6456 2227
6457 7905
6458 7104
6459 3616
6460 2878
6461 3262
6462 1523
6463 7174
6464 5538
6465 7427
6466 3547
6467 5862
6468 2344
6469 6311
6470 7330
6471 7345
6472 6185
6473 1805
6474 1809
6475 1236
6476 7967
6477 4655
6478 6281
6479 5944
6480 2094
6481 1293
6482 5275
6483 6936
6484 2972
6485 6874
6486 8517
6487 3008
6488 8297
6489 9847
6490 2575
6491 4942
6492 1743
6493 4278
6494 1367
6495 7952
6496 4429
6497 7232
6498 5152
6499 4372
6500 3010
6501 7694
6502 1180
6503 4095
6504 2286
6505 6154
6506 8005
6507 1845
6508 4241
6509 7511
6510 4772
6511 1534
6512 4959
6513 7698
6514 3155
6515 8930
6516 2258
6517 6132
6518 1478
6519 8481
6520 5813
6521 6046
6522 7140
6523 8667
6524 8733
6525 1520
6526 5171
6527 5117
6528 4364
6529 7997
6530 2156
6531 3209
6532 8176
6533 4689
6534 6189
6535 1307
6536 3913
6537 1612
6538 2531
6539 1056
6540 8914
6541 2057
6542 5961
6543 1057
6544 1485
6545 1576
6546 8283
6547 7799
6548 3692
6549 4297
6550 1279
6551 3135
6552 7823
6553 3352
6554 5420
6555 2046
6556 4147
6557 2836
6558 6390
6559 7159
6560 3250
6561 8099
6562 1687
6563 2579
6564 8196
6565 6062
6566 8778
6567 3187
6568 8530
6569 7045
6570 7249
6571 2163
6572 7365
6573 6623
6574 7735
6575 6123
6576 2253
6577 7018
6578 8136
6579 6023
6580 2576
6581 1406
6582 4139
6583 8644
6584 7385
6585 7416
6586 2388
6587 4195
6588 7850
6589 3545
6590 1184
6591 1239
6592 6844
6593 8593
6594 9975
6595 6109
6596 4846
6597 2808
6598 5716
6599 5548
6600 5322
6601 4576
6602 1933
6603 2014
6604 5416
6605 3798
6606 3968
6607 1610
6608 6424
6609 4538
6610 3582
6611 2241
6612 3685
6613 5456
6614 3086
6615 4107
6616 7878
6617 7713
6618 3202
6619 4053
6620 4228
6621 2847
6622 3586
6623 1454
6624 6691
6625 5829
6626 2313
6627 3584
6628 5775
6629 5113
6630 7201
6631 4150
6632 1485
6633 3122
6634 2737
6635 8890
6636 5456
6637 2933
6638 1105
6639 5668
6640 8738
6641 6446
6642 8553
6643 8320
6644 6812
6645 1282
6646 5484
6647 6093
6648 6328
6649 8137
6650 5340
6651 2012
6652 8789
6653 6702
6654 2360
6655 5478
6656 4918
6657 4205
6658 5448
6659 1848
6660 2436
6661 2889
6662 1569
6663 3907
6664 8445
6665 1044
6666 3177
6667 1273
6668 2422
6669 4381
6670 2868
6671 1265
6672 7396
6673 2137
6674 7401
6675 5674
6676 3682
6677 9767
6678 8974
6679 6801
6680 1043
6681 7806
6682 3666
6683 8241
6684 5653
6685 2694
6686 7896
6687 7790
6688 4511
6689 5250
6690 1128
6691 4744
6692 2969
6693 7673
6694 5288
6695 8767
6696 5295
6697 6418
6698 4517
6699 3419
6700 4885
6701 7901
6702 5444
6703 3929
6704 4613
6705 1569
6706 8146
6707 5837
6708 6633
6709 1859
6710 5174
6711 2734
6712 8292
6713 2800
6714 7560
6715 8673
6716 2700
6717 4534
6718 4962
6719 4794
6720 5732
6721 5723
6722 2704
6723 8317
6724 5562
6725 2028
6726 4953
6727 1966
6728 6928
6729 6645
6730 5743
6731 7661
6732 8677
6733 8336
6734 8616
6735 7789
6736 7079
6737 7599
6738 6901
6739 6409
6740 5813
6741 5143
6742 1384
6743 1000
6744 6486
6745 7539
6746 8278
6747 4211
6748 3104
6749 3804
6750 5685
6751 5729
6752 6650
6753 2124
6754 6985
6755 1569
6756 5330
6757 8309
6758 6103
6759 6385
6760 2846
6761 8395
6762 4087
6763 3868
6764 7633
6765 4421
6766 6401
6767 1566
6768 5263
6769 5779
6770 7157
6771 4830
6772 8535
6773 6387
6774 2606
6775 6556
6776 1754
6777 6918
6778 5269
6779 3836
6780 1755
6781 6462
6782 8095
6783 7203
6784 4688
6785 6089
6786 2717
6787 1369
6788 6258
6789 8581
6790 4494
6791 5984
6792 3483
6793 3471
6794 4673
6795 8781
6796 5121
6797 5239
6798 5986
6799 6558
6800 2883
6801 8613
6802 6235
6803 3224
6804 7912
6805 4034
6806 5203
6807 3142
6808 1259
6809 2463
6810 2339
6811 1533
6812 1912
6813 1088
6814 2664
6815 2548
6816 5241
6817 1815
6818 4229
6819 7381
6820 2020
6821 5410
6822 3454
6823 6778
6824 4919
6825 2471
6826 7011
6827 7168
6828 7559
6829 3806
6830 5873
6831 3530
6832 2276
6833 8522
6834 7189
6835 1197
6836 1282
6837 6694
6838 5792
6839 6816
6840 6644
6841 8780
6842 4366
6843 5405
6844 1508
6845 1471
6846 4728
6847 4017
6848 5801
6849 5366
6850 4004
6851 2986
6852 8160
6853 7605
6854 5350
6855 2070
6856 6212
6857 6663
6858 9477
6859 5872
6860 4205
6861 6174
6862 3519
6863 5596
6864 8154
6865 5339
6866 7542
6867 4046
6868 2710
6869 1857
6870 3666
6871 6987
6872 5760
6873 7730
6874 4620
6875 3468
6876 3137
6877 1246
6878 2720
6879 3037
6880 1362
6881 3929
6882 1995
6883 6421
6884 4625
6885 7334
6886 3855
6887 6060
6888 2591
6889 4566
6890 6015
6891 7781
6892 7695
6893 8954
6894 2769
6895 7648
6896 6651
6897 4246
6898 4942
6899 8396
6900 2314
6901 4931
6902 4227
6903 3436
6904 5317
6905 5398
6906 9579
6907 7452
6908 7936
6909 3902
6910 5217
6911 7714
6912 1640
6913 7367
6914 2773
6915 6410
6916 3670
6917 1756
6918 8289
6919 6830
6920 2569
6921 3369
6922 5114
6923 1511
6924 1538
6925 8104
6926 4816
6927 6622
6928 5836
6929 6393
6930 6126
6931 2877
6932 1205
6933 5396
6934 4283
6935 3875
6936 6404
6937 8405
6938 7106
6939 3172
6940 7641
6941 4251
6942 6700
6943 5760
6944 2973
6945 8027
6946 2975
6947 2267
6948 5855
6949 4287
6950 1654
6951 2953
6952 3746
6953 7158
6954 5986
6955 6218
6956 1884
6957 7561
6958 3709
6959 7962
6960 2060
6961 5535
6962 1715
6963 1681
6964 8919
6965 6404
6966 2704
6967 3463
6968 3990
6969 6344
6970 2093
6971 6637
6972 6379
6973 3096
6974 1050
6975 3446
6976 1986
6977 4599
6978 1437
6979 6935
6980 2730
6981 7206
6982 4597
6983 8234
6984 2353
6985 5118
6986 4056
6987 5257
6988 6774
6989 8974
6990 3738
6991 7426
6992 3308
6993 1241
6994 6749
6995 3808
6996 4139
6997 5181
6998 7145
6999 3565
7000 8185
7001 4048
7002 5179
7003 5102
7004 4228
7005 8990
7006 4690
7007 2289
7008 5901
7009 2137
7010 6610
7011 2008
7012 3270
7013 8791
7014 1003
7015 7838
7016 7419
7017 3684
7018 8309
7019 4182
7020 6404
7021 1820
7022 3162
7023 8599
7024 4292
7025 1603
7026 4528
7027 4918
7028 3878
7029 8821
7030 3426
7031 8197
7032 3965
7033 3052
7034 7269
7035 7807
7036 3411
7037 7845
7038 3870
7039 7538
7040 6392
7041 6771
7042 1377
7043 4305
7044 5441
7045 1904
7046 3618
7047 3874
7048 7847
7049 1337
7050 1103
7051 6686
7052 3165
7053 1862
7054 8539
7055 2810
7056 4812
7057 3089
7058 8714
7059 5015
7060 4128
7061 4978
7062 5805
7063 8685
7064 4840
7065 4422
7066 3953
7067 2413
7068 7049
7069 2948
7070 7569
7071 3885
7072 2316
7073 5499
7074 5183
7075 8718
7076 6710
7077 6937
7078 7298
7079 5834
7080 7907
7081 1931
7082 6743
7083 4767
7084 7639
7085 1410
7086 8892
7087 8377
7088 1624
7089 5175
7090 7413
7091 2869
7092 3307
7093 3867
7094 7947
7095 1398
7096 1579
7097 6592
7098 5428
7099 4360
7100 7456
7101 7616
7102 3462
7103 6544
7104 5662
7105 7822
7106 3106
7107 1875
7108 6742
7109 8070
7110 1712
7111 6761
7112 4018
7113 7561
7114 8930
7115 1900
7116 5190
7117 6560
7118 7237
7119 5173
7120 6070
7121 8621
7122 4943
7123 1602
7124 3170
7125 7408
7126 5045
7127 3447
7128 6354
7129 3130
7130 4423
7131 6253
7132 7182
7133 5925
7134 1862
7135 6713
7136 2041
7137 7358
7138 1392
7139 4746
7140 5687
7141 2726
7142 7433
7143 2660
7144 6858
7145 5080
7146 1275
7147 6837
7148 3024
7149 5016
7150 3995
7151 8233
7152 4042
7153 5359
7154 3822
7155 1266
7156 5839
7157 7770
7158 3507
7159 8863
7160 3843
7161 4765
7162 5637
7163 5195
7164 1696
7165 3463
7166 6952
7167 8358
7168 1250
7169 2378
7170 3485
7171 1965
7172 6952
7173 4378
7174 1327
7175 3710
7176 5988
7177 3265
7178 3897
7179 5186
7180 6003
7181 8067
7182 1510
7183 8155
7184 4419
7185 2115
7186 9508
7187 9697
7188 1457
7189 2854
7190 4859
7191 8861
7192 7337
7193 2983
7194 6691
7195 1461
7196 5080
7197 5061
7198 7616
7199 2661
7200 5005
7201 8700
7202 6044
7203 8554
7204 1417
7205 6855
7206 1099
7207 3708
7208 3687
7209 1947
7210 7194
7211 5778
7212 6254
7213 1495
7214 1091
7215 1001
7216 8577
7217 8151
7218 5251
7219 7272
7220 4980
7221 7253
7222 5381
7223 8379
7224 7816
7225 8559
7226 7237
7227 1552
7228 1530
7229 6305
7230 7124
7231 4343
7232 3396
7233 2317
7234 2789
7235 6628
7236 8596
7237 8351
7238 6951
7239 2714
7240 7671
7241 7320
7242 2764
7243 7999
7244 4474
7245 1424
7246 2125
7247 4567
7248 2228
7249 8096
7250 1597
7251 6681
7252 3649
7253 4216
7254 2680
7255 1830
7256 7741
7257 6375
7258 1561
7259 5820
7260 4280
7261 4271
7262 7113
7263 8317
7264 2732
7265 1719
7266 6468
7267 2513
7268 3566
7269 2359
7270 8515
7271 3283
7272 3082
7273 1664
7274 1905
7275 4393
7276 2591
7277 5670
7278 5185
7279 6134
7280 1456
7281 6376
7282 6018
7283 8524
7284 2324
7285 2623
7286 5950
7287 6695
7288 3246
7289 3860
7290 6762
7291 8908
7292 2848
7293 3491
7294 6810
7295 8770
7296 4286
7297 4983
7298 4176
7299 7865
7300 6169
7301 7345
7302 6340
7303 1417
7304 6654
7305 3801
7306 3742
7307 6411
7308 6269
7309 8688
7310 2770
7311 5083
7312 2707
7313 7735
7314 7202
7315 6710
7316 2249
7317 8330
7318 1795
7319 1410
7320 4927
7321 5183
7322 4064
7323 6514
7324 1369
7325 2644
7326 7486
7327 3049
7328 2867
7329 6080
7330 5178
7331 1960
7332 4832
7333 1856
7334 1153
7335 5539
7336 1368
7337 3347
7338 2194
7339 1763
7340 8113
7341 6722
7342 4748
7343 2468
7344 7877
7345 7722
7346 1554
7347 7570
7348 6764
7349 7464
7350 6208
7351 4097
7352 1272
7353 7266
7354 6135
7355 3321
7356 4378
7357 4480
7358 4236
7359 8695
7360 3230
7361 8834
7362 2115
7363 1352
7364 8472
7365 3852
7366 5088
7367 1658
7368 4103
7369 2210
7370 3908
7371 3922
7372 6978
7373 3085
7374 8081
7375 6684
7376 7432
7377 8556
7378 3256
7379 3340
7380 3279
7381 9196
7382 7273
7383 4260
7384 2689
7385 5858
7386 4875
7387 3633
7388 8301
7389 8235
7390 4229
7391 5909
7392 8916
7393 1360
7394 9005
7395 7883
7396 1769
7397 5326
7398 6903
7399 5311
7400 1178
7401 7297
7402 3036
7403 7652
7404 3179
7405 8121
7406 7161
7407 4827
7408 3959
7409 3934
7410 3551
7411 5756
7412 7842
7413 8468
7414 3088
7415 7094
7416 7139
7417 4159
7418 1131
7419 4677
7420 2717
7421 2069
7422 6747
7423 8268
7424 1115
7425 1684
7426 8316
7427 6305
7428 2000
7429 4578
7430 8684
7431 5514
7432 6125
7433 2821
7434 2657
7435 7557
7436 5697
7437 1953
7438 2495
7439 4562
7440 7894
7441 1310
7442 8828
7443 5471
7444 8753
7445 8072
7446 3648
7447 6864
7448 2024
7449 6242
7450 2266
7451 1065
7452 4738
7453 6949
7454 1960
7455 2238
7456 1291
7457 4679
7458 7566
7459 8984
7460 1080
7461 2877
7462 4328
7463 3348
7464 2026
7465 3108
7466 3781
7467 5083
7468 6786
7469 5472
7470 7415
7471 8995
7472 1204
7473 7634
7474 6598
7475 7661
7476 7932
7477 7546
7478 6710
7479 7709
7480 4390
7481 4023
7482 7421
7483 8852
7484 7507
7485 4894
7486 3057
7487 5546
7488 2476
7489 7029
7490 2318
7491 7471
7492 1030
7493 5352
7494 7950
7495 8925
7496 2768
7497 7796
7498 1614
7499 4879
7500 3237
7501 8090
7502 4650
7503 2925
7504 4230
7505 8804
7506 4646
7507 5662
7508 5979
7509 9463
7510 3050
7511 3642
7512 8758
7513 7612
7514 5333
7515 3979
7516 6785
7517 6994
7518 6495
7519 1486
7520 7589
7521 4257
7522 7413
7523 5199
7524 8064
7525 8952
7526 4904
7527 5006
7528 2301
7529 3781
7530 1129
7531 6600
7532 3342
7533 4028
7534 4124
7535 1592
7536 2740
7537 8190
7538 4941
7539 3877
7540 5646
7541 2479
7542 8503
7543 8700
7544 1985
7545 7232
7546 1745
7547 4710
7548 7200
7549 6470
7550 3730
7551 2121
7552 8595
7553 3945
7554 6143
7555 5755
7556 8618
7557 6527
7558 3090
7559 1546
7560 1599
7561 8698
7562 6050
7563 3210
7564 5054
7565 6537
7566 1757
7567 6832
7568 3914
7569 7801
7570 6847
7571 2775
7572 5713
7573 6430
7574 8969
7575 6969
7576 3039
7577 1397
7578 7521
7579 1846
7580 1260
7581 7093
7582 3341
7583 3444
7584 6161
7585 1913
7586 7771
7587 1032
7588 6467
7589 7772
7590 3228
7591 5044
7592 3173
7593 2772
7594 8180
7595 2299
7596 6202
7597 3087
7598 6796
7599 3250
7600 4416
7601 9373
7602 5215
7603 4943
7604 8272
7605 1098
7606 1203
7607 8363
7608 5495
7609 8136
7610 1566
7611 7404
7612 7204
7613 2249
7614 8945
7615 1223
7616 8548
7617 4896
7618 4552
7619 3648
7620 7016
7621 6955
7622 5545
7623 2079
7624 1250
7625 4842
7626 3922
7627 5526
7628 6559
7629 6187
7630 5058
7631 3720
7632 5210
7633 4614
7634 2121
7635 5295
7636 3951
7637 7387
7638 4005
7639 6883
7640 3118
7641 1428
7642 8773
7643 6404
7644 3829
7645 1616
7646 3570
7647 1005
7648 6239
7649 7260
7650 4603
7651 1101
7652 2197
7653 5277
7654 7933
7655 7389
7656 8249
7657 2663
7658 2652
7659 5805
7660 2808
7661 1451
7662 5265
7663 1738
7664 8910
7665 2484
7666 5453
7667 4277
7668 8709
7669 8854
7670 6311
7671 7052
7672 3833
7673 2851
7674 2156
7675 5838
7676 1246
7677 8532
7678 9102
7679 3343
7680 5925
7681 8538
7682 6676
7683 5242
7684 7863
7685 4667
7686 7842
7687 8733
7688 2021
7689 4742
7690 3866
7691 3594
7692 5162
7693 8139
7694 2448
7695 7695
7696 6487
7697 8580
7698 3773
7699 4416
7700 7995
7701 4719
7702 7040
7703 7071
7704 1605
7705 7140
7706 3992
7707 4577
7708 3617
7709 3531
7710 7508
7711 7832
7712 5483
7713 3946
7714 6563
7715 3464
7716 4133
7717 7593
7718 5541
7719 8672
7720 1344
7721 7863
7722 3993
7723 3798
7724 7786
7725 8831
7726 4653
7727 2366
7728 3565
7729 3172
7730 7887
7731 5252
7732 5799
7733 6461
7734 5957
7735 6201
7736 5817
7737 3411
7738 6948
7739 4449
7740 6983
7741 7368
7742 1318
7743 2936
7744 3214
7745 4256
7746 8416
7747 1072
7748 3937
7749 1349
7750 3580
7751 2584
7752 6706
7753 3886
7754 7042
7755 5536
7756 2619
7757 3294
7758 3099
7759 7025
7760 2629
7761 2446
7762 1928
7763 7033
7764 2379
7765 5020
7766 4635
7767 6898
7768 4337
7769 8338
7770 2494
7771 8239
7772 6510
7773 2006
7774 6467
7775 2621
7776 5827
7777 7089
7778 7606
7779 6697
7780 2972
7781 8081
7782 1347
7783 5675
7784 6749
7785 7642
7786 7439
7787 3218
7788 7215
7789 7910
7790 4522
7791 4045
7792 6155
7793 2581
7794 3883
7795 3418
7796 5434
7797 4282
7798 6996
7799 8182
7800 6346
7801 7736
7802 1744
7803 7464
7804 2641
7805 3577
7806 7993
7807 5573
7808 3128
7809 2665
7810 8098
7811 5250
7812 8461
7813 3722
7814 5466
7815 5801
7816 5659
7817 2051
7818 1786
7819 8474
7820 4858
7821 3931
7822 6847
7823 1015
7824 2258
7825 5074
7826 1671
7827 4590
7828 3542
7829 5152
7830 6828
7831 3641
7832 2129
7833 7354
7834 6708
7835 2089
7836 5726
7837 6234
7838 2287
7839 1170
7840 4956
7841 6555
7842 3605
7843 8839
7844 7074
7845 5280
7846 5396
7847 8632
7848 3810
7849 7311
7850 3512
7851 7405
7852 7383
7853 1833
7854 4307
7855 6510
7856 5347
7857 8305
7858 7206
7859 8822
7860 2699
7861 2063
7862 2326
7863 4542
7864 2342
7865 3814
7866 8921
7867 7841
7868 3709
7869 1928
7870 1324
7871 7679
7872 7403
7873 4546
7874 2091
7875 5988
7876 8892
7877 7696
7878 6289
7879 5018
7880 2319
7881 5579
7882 5011
7883 4774
7884 4553
7885 3160
7886 3782
7887 8830
7888 1862
7889 7843
7890 6220
7891 7865
7892 7463
7893 6595
7894 5654
7895 6324
7896 8675
7897 2802
7898 7720
7899 6360
7900 3869
7901 8082
7902 1275
7903 7203
7904 8680
7905 3113
7906 2039
7907 8613
7908 8165
7909 1493
7910 9387
7911 3361
7912 6498
7913 4308
7914 4829
7915 8506
7916 5686
7917 4199
7918 8608
7919 8599
7920 7695
7921 1123
7922 6811
7923 6304
7924 5913
7925 5951
7926 8411
7927 5666
7928 1509
7929 1861
7930 6541
7931 6822
7932 2825
7933 5864
7934 2159
7935 4489
7936 1575
7937 5428
7938 5010
7939 5024
7940 4102
7941 6261
7942 6447
7943 3942
7944 8331
7945 4582
7946 7508
7947 2261
7948 4470
7949 4468
7950 2368
7951 2559
7952 6202
7953 5051
7954 5498
7955 2740
7956 5135
7957 8456
7958 7900
7959 6268
7960 7404
7961 5977
7962 7426
7963 2394
7964 6513
7965 5276
7966 2382
7967 4981
7968 4116
7969 5434
7970 3325
7971 1605
7972 2941
7973 3795
7974 7676
7975 2686
7976 6650
7977 2176
7978 4439
7979 1021
7980 6902
7981 4346
7982 7557
7983 4285
7984 6263
7985 5258
7986 6667
7987 1636
7988 1905
7989 1940
7990 7034
7991 5657
7992 4812
7993 3873
7994 8141
7995 4939
7996 7303
7997 8746
7998 2476
7999 1141
8000 7527
8001 6089
8002 8023
8003 2986
8004 5238
8005 2880
8006 7284
8007 4002
8008 7386
8009 1729
8010 8744
8011 8854
8012 1090
8013 2042
8014 7889
8015 4153
8016 1328
8017 7487
8018 3851
8019 6085
8020 1295
8021 7489
8022 1139
8023 7351
8024 6389
8025 2666
8026 5797
8027 7968
8028 4850
8029 7731
8030 2245
8031 5643
8032 6107
8033 3074
8034 2833
8035 4016
8036 2095
8037 6928
8038 2835
8039 3396
8040 2611
8041 2289
8042 8527
8043 6895
8044 1145
8045 8294
8046 8209
8047 3702
8048 1695
8049 7284
8050 8089
8051 3019
8052 6048
8053 4615
8054 2797
8055 3792
8056 2440
8057 4758
8058 7902
8059 8259
8060 6239
8061 1690
8062 8383
8063 4522
8064 5695
8065 3414
8066 6566
8067 7058
8068 5651
8069 1984
8070 2966
8071 5913
8072 7561
8073 2497
8074 7243
8075 6282
8076 6456
8077 7959
8078 4931
8079 2268
8080 2206
8081 2432
8082 3619
8083 4635
8084 2758
8085 2216
8086 7473
8087 3357
8088 2705
8089 3688
8090 1724
8091 1349
8092 3786
8093 5776
8094 8581
8095 3809
8096 8032
8097 5543
8098 7816
8099 2358
8100 1655
8101 8042
8102 7496
8103 4722
8104 4911
8105 3020
8106 1628
8107 7003
8108 6042
8109 2012
8110 6763
8111 3288
8112 1309
8113 4399
8114 4449
8115 1066
8116 5559
8117 4438
8118 1190
8119 3855
8120 2094
8121 6145
8122 3208
8123 4079
8124 2651
8125 7866
8126 2519
8127 7633
8128 3582
8129 3412
8130 6440
8131 1559
8132 1055
8133 6162
8134 5104
8135 5114
8136 5715
8137 8530
8138 2393
8139 8162
8140 5603
8141 6768
8142 4584
8143 5836
8144 2853
8145 1019
8146 1978
8147 4423
8148 6779
8149 7457
8150 4921
8151 3345
8152 2132
8153 7013
8154 4827
8155 2901
8156 2807
8157 4238
8158 4191
8159 1739
8160 7273
8161 6978
8162 1367
8163 9158
8164 3478
8165 7282
8166 4546
8167 6948
8168 3591
8169 4676
8170 8595
8171 5495
8172 4765
8173 8236
8174 2227
8175 6081
8176 6199
8177 2726
8178 1544
8179 6688
8180 4896
8181 5061
8182 2655
8183 5599
8184 8413
8185 4668
8186 2055
8187 9311
8188 8311
8189 8349
8190 6414
8191 2282
8192 5667
8193 1170
8194 8820
8195 2670
8196 2268
8197 1982
8198 2489
8199 4445
8200 3268
8201 8309
8202 1546
8203 1910
8204 7652
8205 3775
8206 4019
8207 6612
8208 1810
8209 8928
8210 4158
8211 2318
8212 8936
8213 8627
8214 2732
8215 7068
8216 5790
8217 2861
8218 8063
8219 8185
8220 7358
8221 6466
8222 6029
8223 3721
8224 3306
8225 8698
8226 2139
8227 6512
8228 4597
8229 3226
8230 7698
8231 3256
8232 2019
8233 7177
8234 2976
8235 3672
8236 3557
8237 8869
8238 6246
8239 2232
8240 2293
8241 7806
8242 8727
8243 2492
8244 6823
8245 8787
8246 7695
8247 8178
8248 6620
8249 8384
8250 2013
8251 5080
8252 4545
8253 1391
8254 7004
8255 1814
8256 8844
8257 5886
8258 6257
8259 5353
8260 1957
8261 4599
8262 6387
8263 1270
8264 3052
8265 5852
8266 2304
8267 1030
8268 8032
8269 6450
8270 5178
8271 7696
8272 1957
8273 3408
8274 3954
8275 8349
8276 4957
8277 4681
8278 2513
8279 1083
8280 9561
8281 5721
8282 4246
8283 8775
8284 1434
8285 7675
8286 3756
8287 7611
8288 6379
8289 7274
8290 9226
8291 7784
8292 4970
8293 7581
8294 5367
8295 1369
8296 7265
8297 6035
8298 5281
8299 6838
8300 7572
8301 6927
8302 5163
8303 3614
8304 5096
8305 8017
8306 4384
8307 3603
8308 8147
8309 6824
8310 4644
8311 5071
8312 1604
8313 3204
8314 3434
8315 6269
8316 5522
8317 6046
8318 8566
8319 5636
8320 6421
8321 5206
8322 6287
8323 1727
8324 4007
8325 2604
8326 8939
8327 2514
8328 8944
8329 4172
8330 6968
8331 2395
8332 1072
8333 8266
8334 2037
8335 6878
8336 5332
8337 5719
8338 3853
8339 5999
8340 8436
8341 1195
8342 6416
8343 4805
8344 7757
8345 4267
8346 8305
8347 6556
8348 3653
8349 2178
8350 6967
8351 1678
8352 3153
8353 1068
8354 6340
8355 3245
8356 1175
8357 8498
8358 3213
8359 7668
8360 1641
8361 5786
8362 1864
8363 7100
8364 7763
8365 6036
8366 4835
8367 4842
8368 7596
8369 4282
8370 4511
8371 1999
8372 3222
8373 6176
8374 8803
8375 2570
8376 3726
8377 2319
8378 4961
8379 7759
8380 2236
8381 6817
8382 1530
8383 7108
8384 8304
8385 8514
8386 6747
8387 2077
8388 3676
8389 8723
8390 1534
8391 4476
8392 5784
8393 2888
8394 3395
8395 3900
8396 4411
8397 3017
8398 8113
8399 2212
8400 1835
8401 7985
8402 6545
8403 3664
8404 2481
8405 8493
8406 3686
8407 5096
8408 8129
8409 7453
8410 3243
8411 1922
8412 5349
8413 8641
8414 2264
8415 3887
8416 1207
8417 4104
8418 8575
8419 1353
8420 2773
8421 2956
8422 7984
8423 4188
8424 5171
8425 8254
8426 2075
8427 4363
8428 4486
8429 5034
8430 2843
8431 1216
8432 8604
8433 3369
8434 5098
8435 6147
8436 6739
8437 8970
8438 7373
8439 2637
8440 4166
8441 8431
8442 1348
8443 7096
8444 2882
8445 4945
8446 5115
8447 7940
8448 4319
8449 1489
8450 4391
8451 2586
8452 6336
8453 2611
8454 6230
8455 6175
8456 6622
8457 8712
8458 4375
8459 3137
8460 5346
8461 8134
8462 3396
8463 4094
8464 7004
8465 5200
8466 4625
8467 5766
8468 2728
8469 2876
8470 2290
8471 4190
8472 2595
8473 7176
8474 7699
8475 2129
8476 3858
8477 4130
8478 6104
8479 6445
8480 7591
8481 3151
8482 3289
8483 3295
8484 4573
8485 8435
8486 1370
8487 6256
8488 8390
8489 4166
8490 6978
8491 7466
8492 1138
8493 2180
8494 3970
8495 5925
8496 5305
8497 6227
8498 6985
8499 3681
8500 6902
8501 1798
8502 1793
8503 8464
8504 5910
8505 2322
8506 6045
8507 3295
8508 4256
8509 8823
8510 2380
8511 2972
8512 8845
8513 2957
8514 8567
8515 2471
8516 5216
8517 5392
8518 1164
8519 8623
8520 8169
8521 4853
8522 4143
8523 4803
8524 6910
8525 8043
8526 5763
8527 7415
8528 6616
8529 8307
8530 6320
8531 2386
8532 4696
8533 2200
8534 8064
8535 1870
8536 2258
8537 1647
8538 8006
8539 8078
8540 4854
8541 7498
8542 3634
8543 9427
8544 1184
8545 6239
8546 8030
8547 7074
8548 2486
8549 8189
8550 7520
8551 1302
8552 5638
8553 2683
8554 5338
8555 6793
8556 1849
8557 1727
8558 7593
8559 3038
8560 6447
8561 2105
8562 2904
8563 7243
8564 8468
8565 1040
8566 7924
8567 6440
8568 8907
8569 1540
8570 8509
8571 7958
8572 5304
8573 6822
8574 8151
8575 1875
8576 7670
8577 7799
8578 8667
8579 6846
8580 6301
8581 8586
8582 3689
8583 8133
8584 7668
8585 2277
8586 1934
8587 5651
8588 8137
8589 3524
8590 1887
8591 7149
8592 9434
8593 7764
8594 2899
8595 1734
8596 5793
8597 2204
8598 3577
8599 3298
8600 1350
8601 1800
8602 4944
8603 7540
8604 4144
8605 2053
8606 8945
8607 7882
8608 2502
8609 7276
8610 2970
8611 5909
8612 5750
8613 4204
8614 3879
8615 1431
8616 3011
8617 7672
8618 3148
8619 7918
8620 1998
8621 3158
8622 5198
8623 4013
8624 2083
8625 4967
8626 4363
8627 2639
8628 8004
8629 1468
8630 8348
8631 6337
8632 2384
8633 7608
8634 5393
8635 6574
8636 7532
8637 3701
8638 4842
8639 8017
8640 3194
8641 4147
8642 5190
8643 4006
8644 2418
8645 2393
8646 6944
8647 5428
8648 2731
8649 2993
8650 1647
8651 4574
8652 5969
8653 8389
8654 4465
8655 5236
8656 5145
8657 4007
8658 3414
8659 8273
8660 2093
8661 3274
8662 5824
8663 5083
8664 4407
8665 2323
8666 3114
8667 1783
8668 6355
8669 3860
8670 6118
8671 6051
8672 7443
8673 6292
8674 6180
8675 8559
8676 6532
8677 1007
8678 5398
8679 6644
8680 7222
8681 7076
8682 8533
8683 5774
8684 6882
8685 7155
8686 3136
8687 7106
8688 6400
8689 1092
8690 3777
8691 6445
8692 8220
8693 5313
8694 6055
8695 1278
8696 4385
8697 3881
8698 7375
8699 2456
8700 3232
8701 4049
8702 4912
8703 4856
8704 3197
8705 1058
8706 8577
8707 4497
8708 5697
8709 6059
8710 5942
8711 8677
8712 3976
8713 3438
8714 4489
8715 2389
8716 5543
8717 8938
8718 4754
8719 8622
8720 4214
8721 1531
8722 8443
8723 6481
8724 4818
8725 3943
8726 4390
8727 8944
8728 1842
8729 6929
8730 5624
8731 3352
8732 2895
8733 2380
8734 3805
8735 1448
8736 3987
8737 6709
8738 7594
8739 8421
8740 8785
8741 4487
8742 6298
8743 6822
8744 2695
8745 7013
8746 6624
8747 4382
8748 2044
8749 2801
8750 4124
8751 2490
8752 2813
8753 8099
8754 6941
8755 7966
8756 8694
8757 4626
8758 1996
8759 8933
8760 6136
8761 1079
8762 4110
8763 7787
8764 4373
8765 3885
8766 8847
8767 6959
8768 8587
8769 2164
8770 8507
8771 3423
8772 5273
8773 8732
8774 8184
8775 4187
8776 4026
8777 3580
8778 5101
8779 4749
8780 2140
8781 1624
8782 7198
8783 1222
8784 1783
8785 7117
8786 4082
8787 3379
8788 7722
8789 7109
8790 5213
8791 4441
8792 4745
8793 5220
8794 5533
8795 6476
8796 2511
8797 4378
8798 2106
8799 5664
8800 5260
8801 7338
8802 1259
8803 8509
8804 6389
8805 8962
8806 7076
8807 4851
8808 9352
8809 3014
8810 4760
8811 6966
8812 6025
8813 6255
8814 6305
8815 4311
8816 3723
8817 1725
8818 8331
8819 4322
8820 3924
8821 4480
8822 7189
8823 2992
8824 2912
8825 7404
8826 4148
8827 8973
8828 7391
8829 6555
8830 7463
8831 8537
8832 7349
8833 7895
8834 5424
8835 4231
8836 8447
8837 7098
8838 1148
8839 2897
8840 7299
8841 8976
8842 5139
8843 1228
8844 4770
8845 4369
8846 6067
8847 7909
8848 4966
8849 6437
8850 2410
8851 2062
8852 7811
8853 8039
8854 7086
8855 7977
8856 7020
8857 2972
8858 5957
8859 7698
8860 7836
8861 7106
8862 5109
8863 7864
8864 2808
8865 2354
8866 4865
8867 3780
8868 7092
8869 8812
8870 7993
8871 1785
8872 1838
8873 3524
8874 3894
8875 6595
8876 2405
8877 8549
8878 4182
8879 3748
8880 5313
8881 6585
8882 4168
8883 4896
8884 2763
8885 2569
8886 1024
8887 2364
8888 4720
8889 6300
8890 8397
8891 7097
8892 4646
8893 6598
8894 2758
8895 3325
8896 1369
8897 2454
8898 2144
8899 5558
8900 7080
8901 4828
8902 1917
8903 4456
8904 4234
8905 2363
8906 2558
8907 8704
8908 1239
8909 7913
8910 7828
8911 6829
8912 7184
8913 4703
8914 8333
8915 1119
8916 8062
8917 3631
8918 8622
8919 1165
8920 8703
8921 2774
8922 1893
8923 2453
8924 4810
8925 3672
8926 7786
8927 2455
8928 8174
8929 2518
8930 8990
8931 2423
8932 5792
8933 6310
8934 3518
8935 6289
8936 4734
8937 1514
8938 6052
8939 7644
8940 1739
8941 8908
8942 8202
8943 4854
8944 2657
8945 7049
8946 5826
8947 3864
8948 5152
8949 7026
8950 6938
8951 2908
8952 2472
8953 8316
8954 1136
8955 6159
8956 4752
8957 2461
8958 1763
8959 3291
8960 6310
8961 2477
8962 4179
8963 8741
8964 5348
8965 3704
8966 5582
8967 2535
8968 4015
8969 5773
8970 2979
8971 2827
8972 2323
8973 4074
8974 5333
8975 8496
8976 1314
8977 3814
8978 6300
8979 1416
8980 6357
8981 1781
8982 1104
8983 3121
8984 9756
8985 8069
8986 4760
8987 7888
8988 9167
8989 6647
8990 1932
8991 1058
8992 2938
8993 5702
8994 5751
8995 7456
8996 8408
8997 5205
8998 3668
8999 1576
9000 2581
9001 5025
9002 2988
9003 2077
9004 6503
9005 8108
9006 7180
9007 7926
9008 8508
9009 8359
9010 6323
9011 1479
9012 2092
9013 7158
9014 1963
9015 3015
9016 9452
9017 7301
9018 5963
9019 3578
9020 2669
9021 2314
9022 6960
9023 7525
9024 1473
9025 2145
9026 1419
9027 8121
9028 7694
9029 6889
9030 5403
9031 3824
9032 7064
9033 5355
9034 7001
9035 3837
9036 4229
9037 1200
9038 7594
9039 1817
9040 6534
9041 1876
9042 8929
9043 1312
9044 6274
9045 5002
9046 1221
9047 5134
9048 1007
9049 2599
9050 1882
9051 2700
9052 7698
9053 6603
9054 1193
9055 5840
9056 7083
9057 2991
9058 5042
9059 7346
9060 4627
9061 1485
9062 1566
9063 2494
9064 6010
9065 8605
9066 8534
9067 7134
9068 7192
9069 1036
9070 1576
9071 8122
9072 5773
9073 8759
9074 5453
9075 1387
9076 3083
9077 7991
9078 5871
9079 3571
9080 3090
9081 1684
9082 5882
9083 6265
9084 3538
9085 7839
9086 3579
9087 5668
9088 2025
9089 5953
9090 3660
9091 1634
9092 8526
9093 8593
9094 6187
9095 4251
9096 1212
9097 7112
9098 7495
9099 7332
9100 8279
9101 3579
9102 5573
9103 2906
9104 3392
9105 8355
9106 6652
9107 8890
9108 2670
9109 8274
9110 7704
9111 3570
9112 2962
9113 1712
9114 8113
9115 1320
9116 2553
9117 7434
9118 2379
9119 7192
9120 5418
9121 9834
9122 5127
9123 4436
9124 4301
9125 5522
9126 5662
9127 6042
9128 5886
9129 5135
9130 3722
9131 1951
9132 4860
9133 8975
9134 7031
9135 3617
9136 2544
9137 5962
9138 5316
9139 2228
9140 8794
9141 7100
9142 1552
9143 4861
9144 1888
9145 6316
9146 4225
9147 1489
9148 5073
9149 1669
9150 8353
9151 2542
9152 7641
9153 7582
9154 3549
9155 1867
9156 7951
9157 3604
9158 3973
9159 7756
9160 1565
9161 3103
9162 4962
9163 7236
9164 1256
9165 3234
9166 6112
9167 3524
9168 5476
9169 8443
9170 7860
9171 5645
9172 6005
9173 6812
9174 7947
9175 3825
9176 4143
9177 4535
9178 4269
9179 5295
9180 3560
9181 8750
9182 5110
9183 4720
9184 3296
9185 6255
9186 2356
9187 1008
9188 8885
9189 5411
9190 8125
9191 6821
9192 5676
9193 3057
9194 5176
9195 1720
9196 8286
9197 5388
9198 1607
9199 7671
9200 7564
9201 1087
9202 5951
9203 8074
9204 6130
9205 7537
9206 2318
9207 5813
9208 8778
9209 6787
9210 3745
9211 3736
9212 2281
9213 8602
9214 7116
9215 8422
9216 5829
9217 2958
9218 6203
9219 4090
9220 4806
9221 3479
9222 6120
9223 3248
9224 8000
9225 1238
9226 7077
9227 2650
9228 1639
9229 1951
9230 2818
9231 2329
9232 2683
9233 1465
9234 9000
9235 6899
9236 5007
9237 6745
9238 2138
9239 5482
9240 1874
9241 2846
9242 8317
9243 2480
9244 5317
9245 2253
9246 3500
9247 1033
9248 5323
9249 8141
9250 8375
9251 8594
9252 6093
9253 6770
9254 7941
9255 3337
9256 1022
9257 4674
9258 8781
9259 8284
9260 6286
9261 2045
9262 1157
9263 6185
9264 5773
9265 1905
9266 7951
9267 8117
9268 7308
9269 5081
9270 4199
9271 1756
9272 2651
9273 4481
9274 5518
9275 7372
9276 2982
9277 5476
9278 7215
9279 3525
9280 8635
9281 8205
9282 6654
9283 5076
9284 2878
9285 2549
9286 1275
9287 3941
9288 8681
9289 4498
9290 7924
9291 5413
9292 2253
9293 3740
9294 1362
9295 3212
9296 1284
9297 4732
9298 4275
9299 1938
9300 7608
9301 7621
9302 5425
9303 4317
9304 2893
9305 6359
9306 6922
9307 2875
9308 7699
9309 7918
9310 8563
9311 3365
9312 1609
9313 6595
9314 8527
9315 2122
9316 4667
9317 5233
9318 8348
9319 6444
9320 5649
9321 2792
9322 7101
9323 7500
9324 2593
9325 8469
9326 6074
9327 1483
9328 6318
9329 6370
9330 6074
9331 3152
9332 3910
9333 6786
9334 3589
9335 1038
9336 7598
9337 3291
9338 5001
9339 3626
9340 4262
9341 3538
9342 1403
9343 2821
9344 7651
9345 5861
9346 3449
9347 6447
9348 8024
9349 4722
9350 1579
9351 5267
9352 7123
9353 5131
9354 8015
9355 1846
9356 4973
9357 1116
9358 6329
9359 6004
9360 7472
9361 5470
9362 4040
9363 9163
9364 5053
9365 5890
9366 4797
9367 5010
9368 4611
9369 3653
9370 3976
9371 1450
9372 5335
9373 7562
9374 4540
9375 8085
9376 2228
9377 8203
9378 5753
9379 6191
9380 1945
9381 3214
9382 1358
9383 2342
9384 7703
9385 3581
9386 1355
9387 7169
9388 8457
9389 5654
9390 3846
9391 9917
9392 6137
9393 6597
9394 6684
9395 2088
9396 8662
9397 5005
9398 3930
9399 5313
9400 3012
9401 5872
9402 5481
9403 8750
9404 1414
9405 4627
9406 2029
9407 1011
9408 8302
9409 7692
9410 3651
9411 4423
9412 4568
9413 1579
9414 8902
9415 5568
9416 4487
9417 8991
9418 6300
9419 3866
9420 6329
9421 8354
9422 1262
9423 5416
9424 6086
9425 7624
9426 6284
9427 7538
9428 1628
9429 5970
9430 3854
9431 5886
9432 7044
9433 7331
9434 5395
9435 7857
9436 2182
9437 4380
9438 2409
9439 5710
9440 6010
9441 5851
9442 1880
9443 4546
9444 2533
9445 7631
9446 2554
9447 6307
9448 1004
9449 6672
9450 2560
9451 3119
9452 7462
9453 3870
9454 4521
9455 3693
9456 4511
9457 2702
9458 7562
9459 3985
9460 7139
9461 4685
9462 2464
9463 5983
9464 7380
9465 8522
9466 2953
9467 5097
9468 3628
9469 8645
9470 2459
9471 1772
9472 4776
9473 7334
9474 8331
9475 4734
9476 2533
9477 7208
9478 8525
9479 4208
9480 2945
9481 5510
9482 7785
9483 2257
9484 6652
9485 8136
9486 6808
9487 6090
9488 7780
9489 9817
9490 8087
9491 7210
9492 2583
9493 8418
9494 5880
9495 6280
9496 4505
9497 5632
9498 8488
9499 3709
9500 1626
9501 2876
9502 7372
9503 6628
9504 6012
9505 6266
9506 1208
9507 3723
9508 1157
9509 6796
9510 1600
9511 7135
9512 6622
9513 1752
9514 1754
9515 6624
9516 5864
9517 1057
9518 2467
9519 2088
9520 1770
9521 1520
9522 3042
9523 1087
9524 6258
9525 4921
9526 7191
9527 1074
9528 7316
9529 2524
9530 3628
9531 2961
9532 6506
9533 3741
9534 5896
9535 1722
9536 3321
9537 6032
9538 1629
9539 8331
9540 3912
9541 2577
9542 4131
9543 4516
9544 6265
9545 5191
9546 7914
9547 6305
9548 2256
9549 3127
9550 5143
9551 4191
9552 5098
9553 8133
9554 6103
9555 1456
9556 1519
9557 1292
9558 5275
9559 5158
9560 4990
9561 6292
9562 6297
9563 7245
9564 6493
9565 6118
9566 1681
9567 3804
9568 2758
9569 2411
9570 3212
9571 3508
9572 8951
9573 6773
9574 2135
9575 5751
9576 7256
9577 2251
9578 4493
9579 4596
9580 1755
9581 8534
9582 8539
9583 6115
9584 3548
9585 4804
9586 4653
9587 8438
9588 6025
9589 7535
9590 2654
9591 7590
9592 1663
9593 7061
9594 2485
9595 4892
9596 6166
9597 1203
9598 7003
9599 3255
9600 1204
9601 6037
9602 7187
9603 1341
9604 4604
9605 6767
9606 8044
9607 4084
9608 4352
9609 1640
9610 6055
9611 1572
9612 5876
9613 3351
9614 1176
9615 1260
9616 8846
9617 5411
9618 2924
9619 3035
9620 4300
9621 1801
9622 5642
9623 2154
9624 1146
9625 2174
9626 7025
9627 6512
9628 5513
9629 8114
9630 1309
9631 8567
9632 7267
9633 7754
9634 1856
9635 2393
9636 3083
9637 8551
9638 6224
9639 3373
9640 2537
9641 1081
9642 8327
9643 2970
9644 6712
9645 6067
9646 7314
9647 4394
9648 8567
9649 2788
9650 1986
9651 8895
9652 6891
9653 1666
9654 7056
9655 2708
9656 6940
9657 8086
9658 8153
9659 2423
9660 1246
9661 4236
9662 4183
9663 8873
9664 8286
9665 5024
9666 4366
9667 1453
9668 1331
9669 7418
9670 6080
9671 8577
9672 7369
9673 5981
9674 1251
9675 7010
9676 7448
9677 4686
9678 3528
9679 3262
9680 1916
9681 2734
9682 6424
9683 2835
9684 6881
9685 7625
9686 1170
9687 2774
9688 8119
9689 6896
9690 1908
9691 6182
9692 4533
9693 1270
9694 2458
9695 3056
9696 6136
9697 7051
9698 3332
9699 2059
9700 2244
9701 6780
9702 5370
9703 1159
9704 4751
9705 4382
9706 7607
9707 4194
9708 3442
9709 6227
9710 1996
9711 5198
9712 5955
9713 3313
9714 3876
9715 4259
9716 5462
9717 4996
9718 8459
9719 8525
9720 8029
9721 2435
9722 8991
9723 4816
9724 2077
9725 5625
9726 4322
9727 8425
9728 6390
9729 1003
9730 7707
9731 3163
9732 6477
9733 1773
9734 5326
9735 5850
9736 8243
9737 1121
9738 7196
9739 4270
9740 6712
9741 6921
9742 4859
9743 5339
9744 7262
9745 6034
9746 2116
9747 1580
9748 3626
9749 1052
9750 5174
9751 4528
9752 8453
9753 7261
9754 7135
9755 4629
9756 1685
9757 5362
9758 1153
9759 5597
9760 6384
9761 7970
9762 1803
9763 6670
9764 4265
9765 3040
9766 3407
9767 6376
9768 2850
9769 4899
9770 2988
9771 5331
9772 1214
9773 6804
9774 6752
9775 5239
9776 7403
9777 6462
9778 8065
9779 6705
9780 2339
9781 5772
9782 4363
9783 3425
9784 6935
9785 6856
9786 8114
9787 1332
9788 4706
9789 5060
9790 8012
9791 4458
9792 7076
9793 3770
9794 1056
9795 4819
9796 8296
9797 5513
9798 8181
9799 2216
9800 2964
9801 2181
9802 3762
9803 3877
9804 7993
9805 5854
9806 6539
9807 1339
9808 8531
9809 4787
9810 3223
9811 8411
9812 7129
9813 2943
9814 4107
9815 3870
9816 4109
9817 1420
9818 5384
9819 8418
9820 3960
9821 8709
9822 8767
9823 8035
9824 8604
9825 8717
9826 1781
9827 5290
9828 2610
9829 5790
9830 8175
9831 4047
9832 1720
9833 8609
9834 7807
9835 1269
9836 1439
9837 6691
9838 2706
9839 8361
9840 6522
9841 4142
9842 7828
9843 4376
9844 4860
9845 4797
9846 2674
9847 6274
9848 2482
9849 6838
9850 9833
9851 7898
9852 1542
9853 3795
9854 2593
9855 3104
9856 6245
9857 2020
9858 3713
9859 2476
9860 1687
9861 2365
9862 1142
9863 7775
9864 2263
9865 1889
9866 1494
9867 4665
9868 4993
9869 6369
9870 7311
9871 7254
9872 6597
9873 2363
9874 8376
9875 5314
9876 1186
9877 3822
9878 7249
9879 2039
9880 5137
9881 7871
9882 1924
9883 4732
9884 5517
9885 7743
9886 6704
9887 5047
9888 8125
9889 2150
9890 2905
9891 2090
9892 4842
9893 7314
9894 1529
9895 3310
9896 8971
9897 1969
9898 2199
9899 3537
9900 4327
9901 2060
9902 7877
9903 5193
9904 2658
9905 4625
9906 4954
9907 5100
9908 2992
9909 2924
9910 4245
9911 3292
9912 7558
9913 4709
9914 8382
9915 1692
9916 2680
9917 4457
9918 4851
9919 1205
9920 4326
9921 3597
9922 6994
9923 2431
9924 1307
9925 4625
9926 7310
9927 2296
9928 2456
9929 2505
9930 7748
9931 6751
9932 1941
9933 2698
9934 8797
9935 6425
9936 6900
9937 8652
9938 5954
9939 6951
9940 1408
9941 8143
9942 3752
9943 6434
9944 7471
9945 6232
9946 3316
9947 6253
9948 2205
9949 2561
9950 6781
9951 2351
9952 5918
9953 8446
9954 1574
9955 6428
9956 3162
9957 8172
9958 2538
9959 1032
9960 7592
9961 1608
9962 4046
9963 4474
9964 2284
9965 6738
9966 9883
9967 3693
9968 1757
9969 4732
9970 4283
9971 8307
9972 8930
9973 1768
9974 2691
9975 6736
9976 3310
9977 2378
9978 7636
9979 3980
9980 5438
9981 5145
9982 7359
9983 6807
9984 5997
9985 3809
9986 2458
9987 7444
9988 8327
9989 8982
9990 2947
9991 4975
9992 6853
9993 2400
9994 2557
9995 8154
9996 5330
9997 6008
9998 8435
9999 2602
