0 A 763 820
1 A 427 5613
2 B 5727 321
3 A 7218 1993
4 B 808 7121
5 B 381 3973
6 B 5514 722
7 A 557 4338
8 A 124 180
9 A 342 204
10 B 353 555
11 B 5073 4002
12 B 6763 216
13 A 942 507
14 B 468 1927
15 B 3529 999
16 B 384 9064
17 A 3406 1824
18 A 431 581
19 B 412 553
20 B 275 1274
21 B 91 677
22 A 4594 7072
23 A 235 893
24 B 166 3680
25 A 684 707
26 A 7614 6000
27 A 719 945
28 A 1870 4086
29 B 120 6051
30 A 83 87
31 A 818 8865
32 B 5701 8097
33 B 819 7973
34 A 524 7153
35 B 2279 1926
36 A 928 55
37 A 941 3753
38 B 397 797
39 B 4973 1690
40 B 89 7257
41 A 5058 3912
42 A 4405 131
43 B 5420 9955
44 B 7499 772
45 A 7694 573
46 A 568 3872
47 A 208 4906
48 A 318 5338
49 A 539 294
50 B 4227 7246
51 A 5764 4816
52 A 56 2061
53 A 814 5944
54 A 773 1204
55 A 1500 6577
56 B 644 7145
57 B 893 677
58 A 8887 584
59 A 906 7346
60 A 276 48
61 A 5657 3945
62 B 4490 5378
63 B 8927 3901
64 B 6263 7970
65 A 6594 9330
66 B 1754 7399
67 A 5576 9522
68 A 7811 2153
69 A 3151 4397
70 A 394 2597
71 A 139 3267
72 B 2400 7715
73 B 3567 920
74 A 7312 243
75 A 296 723
76 B 229 5153
77 B 962 866
78 B 488 2682
79 B 5775 144
80 B 1719 15
81 B 558 8173
82 A 574 200
83 B 138 8359
84 A 846 738
85 B 638 6867
86 B 2394 4426
87 A 5977 539
88 A 5400 909
89 B 1257 5158
90 B 114 7733
91 A 672 2906
92 A 7084 4462
93 A 166 7960
94 B 870 130
95 B 924 3534
96 A 1010 7397
97 A 3073 316
98 A 8530 601
99 B 709 3632
100 B 3845 533
101 A 8426 3400
102 A 7320 9403
103 B 7818 5965
104 B 3129 455
105 B 554 2639
106 A 23 1611
107 B 3034 5512
108 B 691 4866
109 B 3241 6592
110 A 339 3313
111 B 3219 4325
112 A 6766 8179
113 B 9634 5096
114 A 646 4843
115 A 9591 2091
116 B 335 9434
117 B 575 3188
118 A 521 9654
119 B 4474 4344
120 B 647 280
121 B 186 692
122 A 508 8848
123 B 775 373
124 B 549 7344
125 A 877 8509
126 A 9274 559
127 B 932 4306
128 A 561 853
129 B 4534 324
130 A 69 980
131 B 3403 968
132 B 411 8246
133 B 861 519
134 B 888 987
135 A 409 42
136 A 128 428
137 B 8503 868
138 B 208 6885
139 B 833 3703
140 A 800 546
141 A 9621 575
142 A 604 3103
143 A 5026 1066
144 B 654 6789
145 A 530 744
146 A 7081 326
147 A 61 330
148 A 535 559
149 B 2216 7637
150 B 847 546
151 B 329 9824
152 B 5082 341
153 A 8746 489
154 A 145 1416
155 B 793 630
156 B 4756 307
157 A 451 7237
158 B 8909 931
159 A 4916 7109
160 A 635 3309
161 A 851 208
162 B 380 7379
163 B 2553 1567
164 A 9511 39
165 A 8434 9907
166 A 5856 6018
167 B 682 2391
168 A 888 6929
169 A 4282 9171
170 A 6634 207
171 B 623 305
172 A 3938 8282
173 A 356 663
174 B 5636 613
175 B 983 6836
176 B 2987 196
177 A 3323 187
178 A 971 4909
179 B 469 2457
180 B 707 528
181 B 4636 163
182 B 8595 2678
183 B 4491 197
184 B 516 3359
185 B 178 7564
186 B 929 6623
187 B 406 3458
188 A 317 7828
189 B 2887 6970
190 B 736 9801
191 B 9881 2464
192 A 6187 8901
193 B 890 6248
194 B 45 5060
195 B 9626 7729
196 B 813 5665
197 B 420 511
198 A 917 7035
199 B 2164 9178
200 A 1204 890
201 A 54 1765
202 B 667 9136
203 A 616 3341
204 A 7432 4623
205 A 949 1166
206 B 9453 8357
207 A 1638 338
208 A 3340 910
209 B 2139 8626
210 B 877 1987
211 A 3164 567
212 A 504 1001
213 A 9470 4735
214 A 9439 1136
215 A 959 6752
216 B 549 4943
217 A 3844 4343
218 B 762 4162
219 A 5939 819
220 A 1692 5074
221 A 550 878
222 A 8519 374
223 B 530 4276
224 A 260 6389
225 A 557 480
226 A 9636 2452
227 A 534 169
228 A 374 238
229 B 2008 9450
230 B 9090 329
231 B 395 772
232 A 8738 271
233 B 5453 7495
234 B 4101 6753
235 A 394 1564
236 A 3043 9778
237 B 6464 9505
238 A 717 316
239 A 6267 1695
240 A 48 616
241 B 393 979
242 B 1358 7013
243 B 7851 970
244 A 9989 573
245 B 957 7756
246 A 68 267
247 B 479 2757
248 B 326 898
249 B 3864 1106
250 B 606 35
251 A 9345 3488
252 A 1999 7590
253 A 8106 3202
254 A 4808 4811
255 B 305 8011
256 A 3750 2331
257 A 9916 8523
258 A 6829 4269
259 B 463 3688
260 B 1899 3463
261 A 427 5729
262 B 409 871
263 B 71 6540
264 A 9545 9572
265 B 150 1554
266 A 9372 8406
267 B 9853 9575
268 B 8420 610
269 A 355 267
270 B 449 313
271 A 985 7402
272 A 465 5225
273 B 325 2012
274 A 843 7953
275 A 956 648
276 B 780 4656
277 B 7078 7738
278 B 7271 4245
279 A 910 3250
280 A 561 665
281 B 452 9313
282 B 760 257
283 B 0 2711
284 A 595 516
285 A 320 911
286 B 874 3820
287 B 3124 4743
288 A 258 514
289 A 758 485
290 B 889 2042
291 A 391 7401
292 B 7266 2672
293 B 6475 495
294 A 13 4861
295 B 4421 8232
296 B 675 879
297 A 369 824
298 B 748 4332
299 B 7989 309
300 B 6065 5644
301 B 727 833
302 A 799 2484
303 A 138 509
304 A 313 1978
305 B 567 9771
306 B 9196 689
307 B 9670 5128
308 A 764 7834
309 B 506 2891
310 B 2670 606
311 B 620 4800
312 B 5170 7430
313 B 162 7128
314 A 503 7453
315 B 15 2698
316 B 8586 3845
317 A 759 9333
318 A 6309 951
319 B 967 398
320 A 9541 5569
321 B 370 606
322 B 862 621
323 A 2975 1355
324 B 8469 4623
325 B 7264 187
326 A 1659 8584
327 A 2178 2388
328 B 504 1624
329 B 5504 6613
330 A 571 3524
331 B 284 657
332 B 8550 4730
333 B 271 4619
334 B 395 988
335 A 2286 953
336 B 719 7708
337 A 742 167
338 A 914 6416
339 A 661 534
340 A 3964 2727
341 B 8994 4055
342 B 840 8309
343 B 389 238
344 B 145 784
345 A 528 403
346 A 5557 1640
347 B 2085 3480
348 A 985 7536
349 B 5 753
350 B 3346 182
351 B 43 3057
352 A 8602 8974
353 A 9708 9878
354 A 8617 700
355 A 181 635
356 B 1792 635
357 A 880 26
358 A 417 8815
359 B 9810 98
360 B 308 4019
361 B 17 376
362 B 5689 6100
363 B 8426 836
364 A 285 1414
365 A 899 9442
366 A 1344 9176
367 B 791 2778
368 A 7406 7013
369 B 9336 6442
370 A 7818 651
371 A 268 5278
372 B 7466 7007
373 A 5131 229
374 B 778 4344
375 A 9783 172
376 B 8526 6289
377 A 420 7278
378 B 347 9033
379 B 7611 9978
380 A 398 777
381 A 585 733
382 B 95 430
383 B 7264 1900
384 A 535 395
385 A 3746 5548
386 B 7038 9463
387 A 53 330
388 B 2927 8146
389 B 479 88
390 B 4309 3423
391 A 537 2542
392 B 2013 361
393 B 852 332
394 A 237 5642
395 B 645 8736
396 A 7051 6886
397 B 164 444
398 A 72 6690
399 B 951 2031
400 B 308 681
401 B 280 8998
402 B 768 1711
403 A 749 202
404 A 233 9819
405 A 1967 399
406 A 4614 8949
407 B 117 539
408 B 8088 1336
409 B 3263 532
410 B 325 2200
411 B 7849 2524
412 B 7554 7357
413 A 795 3037
414 A 768 1383
415 A 7846 948
416 B 971 707
417 B 240 1599
418 A 3968 856
419 A 7932 7249
420 A 586 133
421 B 861 8644
422 B 261 981
423 B 26 713
424 A 787 7403
425 B 7788 843
426 B 138 2033
427 B 429 2316
428 B 5742 395
429 A 4227 1938
430 B 170 174
431 A 741 4906
432 B 1249 1483
433 A 9392 973
434 B 2786 1839
435 B 9314 777
436 A 950 5255
437 A 1147 7071
438 A 8666 902
439 B 991 4741
440 A 7599 360
441 A 366 216
442 A 313 1933
443 B 671 5027
444 B 4935 9869
445 B 1647 618
446 A 581 996
447 B 8139 987
448 A 998 605
449 B 3390 373
450 B 7148 4600
451 B 302 599
452 B 881 9909
453 B 343 330
454 B 46 3425
455 B 798 4689
456 B 539 933
457 B 700 5248
458 A 5636 6505
459 A 211 5982
460 A 2574 2884
461 A 2982 3577
462 B 199 8685
463 B 6295 5561
464 A 354 81
465 A 902 849
466 B 713 2829
467 B 545 5050
468 A 838 6547
469 A 6231 92
470 B 1133 635
471 A 2587 3527
472 B 449 595
473 A 3011 6787
474 A 4257 769
475 A 1333 132
476 A 998 627
477 B 9176 3755
478 A 5877 2099
479 B 292 1922
480 A 257 452
481 B 176 5132
482 B 124 9393
483 B 188 3601
484 A 7578 684
485 A 623 557
486 A 842 864
487 A 1317 564
488 A 69 9337
489 A 628 1412
490 A 983 970
491 B 878 402
492 A 8116 182
493 B 34 593
494 A 189 9621
495 B 334 9999
496 A 9079 9053
497 A 21 3163
498 B 624 8376
499 B 597 2959
500 A 268 949
501 A 1666 1759
502 B 8946 7762
503 A 3998 4904
504 B 126 7749
505 A 4960 505
506 A 155 7958
507 B 7703 8368
508 A 7496 5317
509 B 579 112
510 B 339 7869
511 B 896 75
512 B 3064 1257
513 B 427 2664
514 B 2232 6778
515 A 8631 9379
516 B 3255 1638
517 A 5398 1576
518 B 401 350
519 B 66 5733
520 B 44 777
521 A 989 4904
522 B 8124 450
523 B 947 8257
524 A 9575 8623
525 A 929 2759
526 B 8258 9981
527 A 870 5719
528 A 992 6681
529 A 471 3713
530 B 2918 4958
531 A 60 5928
532 A 8990 5728
533 B 909 7127
534 A 9878 3021
535 A 97 4004
536 A 214 1437
537 A 1 5
538 B 2364 469
539 B 790 2260
540 A 1281 9140
541 A 5975 8093
542 B 3933 590
543 A 7019 4438
544 B 118 656
545 A 2563 568
546 B 655 8798
547 B 3966 508
548 B 8022 9410
549 B 706 670
550 A 1588 7130
551 A 6527 10
552 A 435 1520
553 B 798 1879
554 A 5970 56
555 A 656 1204
556 A 218 140
557 A 3303 4408
558 A 6076 7500
559 B 5685 481
560 A 1571 376
561 B 974 566
562 A 734 4961
563 B 877 4457
564 B 2385 737
565 B 872 141
566 B 291 9816
567 B 931 7695
568 A 4781 4297
569 B 549 5199
570 B 935 3792
571 B 2331 5484
572 A 542 213
573 A 1325 164
574 B 4427 641
575 A 4851 6208
576 B 7847 6269
577 A 54 41
578 B 709 653
579 B 879 970
580 B 4076 2631
581 A 736 561
582 B 899 3787
583 B 1800 9321
584 A 7370 7182
585 A 4500 6399
586 B 7668 726
587 A 901 329
588 A 1401 3169
589 B 6460 4271
590 A 138 1572
591 B 13 437
592 B 727 963
593 A 678 8208
594 A 8303 7829
595 A 9641 601
596 B 988 246
597 B 8930 992
598 A 45 3166
599 B 376 6874
600 A 3358 198
601 A 595 8250
602 A 9274 7997
603 B 6687 1214
604 A 132 4880
605 A 880 5879
606 B 2395 5108
607 A 922 938
608 B 634 202
609 B 9537 977
610 A 3511 2079
611 B 521 180
612 B 1673 7241
613 A 178 5790
614 A 7687 5889
615 A 4 546
616 A 7349 7106
617 B 6918 6134
618 A 8556 987
619 A 7573 5571
620 A 3517 588
621 B 998 586
622 B 1904 6954
623 A 1339 9447
624 B 796 6892
625 B 892 880
626 B 695 7180
627 B 171 3166
628 B 908 9346
629 B 927 2811
630 B 9951 9176
631 A 421 4126
632 B 3568 2648
633 A 8689 3680
634 B 5534 6284
635 A 487 911
636 A 522 468
637 B 4358 5918
638 B 1504 220
639 B 2019 297
640 B 1473 6612
641 A 297 407
642 B 942 2137
643 A 271 9396
644 A 570 8820
645 B 633 3340
646 B 4788 729
647 B 408 381
648 B 501 3901
649 B 513 6400
650 A 8062 6720
651 B 1788 599
652 A 255 4176
653 A 7633 3555
654 A 6173 9030
655 B 3819 3221
656 B 1114 3931
657 B 164 2699
658 B 801 4797
659 B 332 5210
660 A 6156 3389
661 A 721 6495
662 B 955 9381
663 A 48 717
664 B 327 1177
665 A 878 687
666 B 3988 2626
667 A 425 8795
668 A 400 827
669 A 9312 912
670 B 976 651
671 A 4398 719
672 B 447 81
673 A 817 827
674 A 1398 521
675 A 368 229
676 B 4020 3914
677 B 6353 2020
678 A 994 505
679 A 167 5320
680 A 3400 7527
681 B 593 299
682 A 2219 242
683 B 607 3834
684 A 769 5332
685 A 399 801
686 A 676 9878
687 B 793 652
688 A 470 7780
689 A 2680 6644
690 A 1097 80
691 B 81 1478
692 B 168 7413
693 B 9965 7710
694 B 3165 260
695 A 8044 8604
696 A 7897 4529
697 B 623 263
698 B 724 3761
699 B 5674 5146
700 A 8794 5983
701 B 937 2988
702 A 241 6265
703 B 5512 1775
704 B 1668 8111
705 A 8336 943
706 A 362 3472
707 B 256 829
708 A 870 2518
709 B 777 663
710 B 1319 1163
711 A 2223 620
712 A 1886 6856
713 B 144 6371
714 B 2164 9107
715 A 916 257
716 B 9365 3807
717 A 99 536
718 B 3278 8786
719 A 572 3490
720 B 425 849
721 A 765 127
722 B 460 2424
723 B 8163 136
724 A 604 4766
725 B 591 7152
726 B 645 1439
727 B 910 8923
728 B 915 788
729 A 299 6437
730 A 4563 2750
731 B 833 6684
732 A 536 8524
733 B 288 8240
734 B 561 1161
735 B 6282 7141
736 B 4654 5557
737 B 979 4109
738 B 318 7979
739 A 2003 2645
740 A 5643 5382
741 A 92 578
742 A 3351 734
743 B 252 2780
744 A 145 1271
745 A 2019 7680
746 B 275 860
747 B 691 835
748 B 9431 20
749 B 2914 1806
750 B 593 1251
751 A 251 324
752 B 658 640
753 A 363 3745
754 B 537 7637
755 A 7955 631
756 A 3224 1595
757 B 204 2968
758 A 79 1789
759 B 645 7997
760 A 2074 286
761 B 373 2680
762 A 796 8170
763 B 880 841
764 A 213 12
765 B 143 949
766 A 5170 3587
767 B 3228 2888
768 A 507 2562
769 B 4276 9232
770 B 714 8759
771 B 5481 796
772 A 48 2389
773 A 1715 8731
774 A 8467 6012
775 B 5388 7004
776 B 815 4775
777 B 25 4399
778 A 202 981
779 B 241 477
780 B 2960 57
781 A 8553 502
782 A 570 6860
783 B 4965 2709
784 B 817 4433
785 A 267 1750
786 A 462 9535
787 A 941 8266
788 A 6402 492
789 B 966 944
790 A 398 5525
791 A 403 589
792 B 2744 453
793 B 7384 4556
794 A 8692 349
795 A 79 544
796 A 8152 868
797 A 490 574
798 A 327 2598
799 A 7069 4587
800 B 30 244
801 A 732 748
802 A 872 3463
803 B 101 887
804 A 5545 424
805 A 3440 4148
806 B 2382 602
807 B 4841 3578
808 A 7670 404
809 B 170 736
810 A 475 9072
811 A 466 897
812 A 782 301
813 B 4989 653
814 B 153 250
815 A 830 576
816 B 853 7502
817 A 95 6539
818 A 5954 275
819 B 4872 8410
820 B 2716 9407
821 B 8856 6214
822 A 3221 840
823 A 2388 426
824 A 521 5413
825 B 315 2854
826 B 4721 817
827 A 166 7959
828 A 625 2647
829 A 95 7426
830 B 847 3428
831 B 6128 9281
832 A 7639 6426
833 B 92 8655
834 B 669 4719
835 B 522 9187
836 B 723 6160
837 A 169 7572
838 B 9502 8824
839 A 946 4830
840 B 3295 9786
841 A 8607 4459
842 B 98 804
843 A 4382 619
844 B 878 2599
845 B 834 298
846 A 1739 611
847 A 2937 9557
848 A 2741 7082
849 A 1438 599
850 B 3249 6861
851 B 9432 4760
852 A 8795 807
853 A 236 4564
854 B 231 4145
855 B 661 950
856 A 7789 5480
857 B 952 479
858 B 110 3944
859 B 8818 2808
860 A 3273 292
861 B 2147 8938
862 A 5907 412
863 B 5051 173
864 B 6239 47
865 B 258 7768
866 A 446 2359
867 B 899 156
868 B 993 3256
869 A 761 7328
870 A 718 6412
871 B 4369 844
872 A 9324 9889
873 B 5572 617
874 B 7521 9417
875 A 855 752
876 B 665 186
877 A 5358 2071
878 A 499 1216
879 A 370 5628
880 B 736 1270
881 A 3054 6623
882 B 516 166
883 B 319 117
884 B 217 670
885 B 5142 1496
886 B 4913 4820
887 B 4034 556
888 B 769 956
889 A 498 478
890 B 373 865
891 A 9179 752
892 A 629 8912
893 A 4835 263
894 B 376 303
895 A 50 197
896 B 6677 613
897 A 7995 5848
898 B 9991 6591
899 A 243 116
900 A 2100 7773
901 B 394 95
902 A 766 6293
903 A 966 8961
904 B 719 4439
905 A 437 2845
906 A 599 616
907 A 1484 177
908 B 5610 322
909 B 7488 6626
910 B 549 8089
911 A 5238 6206
912 B 477 67
913 B 2554 137
914 A 763 443
915 B 8932 825
916 B 6881 749
917 A 4677 727
918 A 564 734
919 B 2226 8175
920 B 507 770
921 A 7590 9549
922 A 304 8180
923 A 212 6823
924 B 243 9878
925 A 8735 6895
926 A 6815 898
927 B 554 6101
928 A 1263 5692
929 A 273 643
930 B 27 1005
931 B 9925 423
932 A 356 5278
933 B 748 1288
934 B 627 4631
935 B 358 8523
936 B 92 263
937 A 5102 5778
938 A 1135 9218
939 A 358 494
940 A 927 791
941 B 100 7830
942 A 45 6640
943 A 517 742
944 A 311 6854
945 B 71 32
946 B 844 6157
947 B 5950 3917
948 A 359 6054
949 B 2673 64
950 A 73 532
951 A 4465 3793
952 B 2830 5057
953 B 7364 203
954 B 314 8014
955 B 252 428
956 B 9039 3060
957 B 5601 2484
958 B 4787 849
959 A 169 898
960 A 3369 9746
961 B 18 2300
962 A 153 4838
963 B 4 9154
964 B 926 9406
965 A 405 472
966 B 390 9640
967 A 7334 5625
968 A 5351 605
969 B 5281 9942
970 B 939 7456
971 A 160 6539
972 A 3767 5046
973 B 39 7125
974 B 1100 5965
975 B 960 110
976 B 6251 7862
977 A 434 535
978 B 4805 7039
979 A 5501 8889
980 A 5536 255
981 B 88 752
982 A 3867 833
983 A 9822 2337
984 A 5505 695
985 A 992 396
986 A 631 732
987 B 131 4955
988 A 712 6914
989 B 695 3225
990 A 4671 248
991 B 449 588
992 A 309 644
993 A 275 542
994 A 7063 4203
995 A 4954 1848
996 A 761 5497
997 B 9579 2348
998 B 3430 476
999 B 571 420
